-520
495
-998
-1083
-908
-1640
-2798
-879
-4251
-2446
-652
-3963
-673
-3542
-4929
-734
-1327
-3154
-3019
-3774
-2560
-763
357
-3738
-1826
-3066
-4512
-4475
-2835
-1049
-768
-1102
-4975
-316
-680
453
-4498
-3921
-942
-652
-3631
-2862
164
-2387
-4387
-4077
-4652
-4109
434
-823
-2519
-478
105
-4922
-728
-4395
-1815
-1834
-4206
-2577
-4469
-1713
-4319
-2562
-1291
-4493
-307
-549
-3907
-3935
-317
-1049
-4034
-4182
-204
-3997
-2230
-275
-3561
-967
-3336
109
-4553
-3574
-452
-1496
-3129
-2784
-1550
-903
282
-1203
-1842
-832
-3504
-451
126
-2585
-4189
-2363
319
-692
-3464
-1331
-3279
-3403
-2286
-1353
-1132
-505
-869
-423
-4015
-3317
-2542
-1837
-4888
-1452
-3162
459
-3130
-4407
-826
-3729
-3867
-2471
140
-1362
-3318
53
-1074
-2853
216
-4958
171
-1707
-3162
-4867
-4439
-3706
-2596
272
-1311
374
-3887
-1266
-1432
-277
-2578
-1366
-742
-1594
-3371
-1295
-2085
-1587
-1820
-2705
-30
-3018
-3887
499
458
-1299
-622
-1412
-408
-4978
-3984
-4072
-618
-2137
-4619
-3438
-581
-2813
-2962
-2980
-178
-4704
186
-1067
-159
-4535
143
-2571
-3472
-1630
-2347
197
-1997
-1797
-2542
-2771
-2153
-3495
-1556
-1514
-4297
-2707
-3118
-3914
-4199
-377
-4822
-2614
-2588
-2371
-2154
-2263
-2382
-2923
-4192
278
-4722
-1253
-4001
-1691
-687
367
-348
-3878
-3091
-4230
-1980
-438
465
-3088
-2563
466
-4422
-1232
-4799
-3556
-4793
-2316
-338
-146
-3837
-3031
-553
-1412
-1251
-1495
-317
-810
-4600
406
-392
-3445
-1381
-869
-637
-4513
-914
-1513
-448
-2470
73
311
-872
-619
-1058
-1675
-3447
-1200
-8
-2740
172
-3411
-127
-1765
-4139
-1641
-214
479
-2496
-102
-4736
-47
-1161
-1280
-2037
-513
-1469
-2450
-1754
-3578
-4736
-1108
-2394
-1982
-1748
-2934
-2138
499
-3205
-150
-4643
-233
-896
-4411
-3223
-3988
-875
-4096
-2913
-2218
-4100
-4502
228
-46
-2692
-2183
-4229
-369
-1320
-1914
-4743
-51
-2349
-1570
-174
-856
-4266
-3233
-4219
-644
-1802
-4898
-48
-498
-1501
-1088
-1810
269
-1188
-4026
385
-4999
-2079
-4889
487
-322
-145
-2318
-2867
-92
-3206
-4839
-3287
455
-3254
-317
-2659
-4282
-71
-222
-2479
-3580
-4554
-2125
-4527
-706
-3026
-2039
-3405
-4835
-3203
-679
-4957
-2798
-4701
-3277
-4309
-3503
-2505
-4591
-750
-933
-3824
-1946
-4563
-672
193
-2527
132
-664
1
-552
-4687
-2315
-3476
-3581
-4880
-1829
-4639
-1993
-1116
-1809
-116
-3596
-3736
-3800
-2606
-623
-4132
396
-2999
-4957
-743
-3548
-3898
-3998
-3110
-720
-3664
-4164
-511
-3130
-1817
-3827
-2414
-2079
-3108
-3714
-3662
-1167
-2127
-4940
-1398
-2512
-1092
-3714
-3663
163
-4412
-4607
-1043
-1978
-4529
-1517
-4275
-1605
-4150
-3410
-3388
429
-3763
-423
-1025
-2047
-4020
325
-4104
-977
-3418
-2252
-3060
-3440
470
-706
-2327
-3054
-1142
-78
-4391
-424
-4341
-1175
-3251
-4034
-3581
-4436
-3985
-3660
-189
-1077
-4686
-1615
-2082
-1326
-2944
-2890
-590
-2899
-2388
-1822
-960
3
-2998
-3612
-4630
-169
-551
-3709
-3250
-3841
-4974
-4225
-3048
-4371
-3620
-3009
-45
-4422
-4250
-4738
-995
-550
-4768
-4886
-927
-621
-3758
-429
-2118
123
60
131
-594
-4454
-1541
-365
-1715
-3168
-2247
-2167
-584
-3883
-4240
-2873
-3127
-4640
-2273
-1916
-4651
-531
-718
-3943
-2627
-793
-2540
-4248
-2212
-2708
-160
-1539
-3464
-4839
-2736
-2025
-2104
-3708
-4084
-301
-4284
-1267
-1064
-1741
45
-3219
-693
-861
-2318
-2818
-959
-3460
-528
-1424
-44
-1824
-2369
-2473
-614
-2343
-3102
3
-2659
-4577
-350
-4370
-366
-1634
-3127
91
-569
-4732
-4386
-4931
-2269
-688
-4374
-757
-3943
258
-61
-4240
-3732
-884
-2449
-4660
-981
-2546
-884
-179
5
-712
-1838
-1000
-733
-1222
-439
-1156
-3503
-293
-977
-944
-2586
-853
-3778
212
-2943
-3829
-2941
-2301
-1759
-3017
-2590
-3698
-729
-4566
-3428
-3475
-156
-1613
-2664
-2896
-4184
-417
-62
-4615
-4535
-138
-3267
232
-2669
-1897
-3906
-3987
-485
-3943
-3288
-181
-2332
411
202
-3732
-705
-91
17
-3969
-3412
-4925
-2440
-450
-4174
161
-1217
-4890
-2444
-1712
-1392
-3615
-3187
-1683
129
-3446
188
-2664
-2208
-4900
-1743
-4700
284
-3525
404
-3929
-174
-4518
-1033
-809
-783
-3642
-2492
-2452
-4954
-3667
-1551
-1179
-2799
-2402
-3036
-796
19
-3963
-2463
-1907
-1727
-2755
-4262
-1881
236
-1991
-3464
-34
-2850
-4030
-3492
-1860
-4876
-381
-864
-4776
-4562
-991
-1874
-1475
-2512
-1848
-3404
-4010
-2057
78
-2474
-4439
-100
-286
-2412
-3564
-2762
-210
-2447
-3604
-2220
-1594
-4647
-3405
-2821
-2310
-2732
-2107
-1238
-4714
-1258
-1179
-1534
-2818
254
-3613
-306
-4559
42
-2838
278
-3936
-834
-1794
-1013
-1287
-4133
-671
69
-2184
-3308
-3491
-1222
-2761
-1828
-1299
-4386
-603
-4627
-2809
-923
-3821
-3227
-2289
-4223
-1568
-651
-4944
-3127
309
-2282
-3057
-4480
-2296
206
-4737
-100
-3594
-1634
-1232
-3588
-3710
-357
369
-1520
-4092
-3070
-755
-4297
-706
-4368
-576
-292
-160
-2111
-588
-3432
-4649
-3337
-461
-3028
-2926
-1731
-3725
-684
-2253
-2155
-2375
-2233
-40
-3241
-2446
-855
-1426
-2485
-1611
250
-1592
-605
-4637
-3903
-836
-2605
-2297
-1277
-1705
-4299
-2513
375
-900
-3443
-1373
-3785
258
-3563
-803
-2377
-3955
-3797
-2588
-202
-4470
-1344
-2289
-2786
-637
-3005
-3884
-1942
-2085
-4417
-3815
-2108
-1807
-570
-3271
-2897
-2164
-3846
-1261
-1945
-2886
411
-2275
-1415
-891
-1932
410
-1193
-4932
-363
-3589
-3676
-1486
-99
-2937
-3402
-2355
-123
-4354
-4611
-3826
-2023
-2899
-225
-386
-3037
-416
-1617
-2405
-2034
-2256
-4599
-4058
-123
-156
-1760
-2954
-692
-3935
-3810
-3790
-1250
-4955
-2626
-3351
-1762
-1659
-2031
-212
-4647
-4430
-3671
-1048
-1484
-2487
-2965
-2834
53
-2210
172
-2079
87
76
185
-3159
-857
-884
-4677
-4419
-1393
-4398
-3207
-3409
-1927
-803
-4287
-4569
-3917
-3294
-4112
-943
-1620
-2919
-2161
-49
-1969
-1984
-127
161
-2700
-2639
-1719
-3490
-269
49
-4985
-4970
-4791
324
-1760
47
-4215
-4721
-142
-429
-1184
-3170
-1576
424
-1609
-3237
-545
-894
-3784
-3459
-4628
-3990
-4191
-3344
-1140
-347
-4439
-4815
-1876
-824
-857
-4912
498
-4264
-939
-1609
-1904
-3235
-618
-484
-4933
-2931
-3121
-2810
-189
-71
-4370
-963
-4808
136
-4280
-2810
-910
-2487
-4685
-2602
-2016
-2278
-4724
-4599
-3769
-3595
-1262
-3618
-561
-2064
-2817
-3468
-4735
-3010
-482
-783
-3630
-2549
-2959
-4705
-4169
-1472
200
-3670
-3068
-3816
-1106
-4580
-1598
-3365
-4393
-3661
-2063
-3377
-3383
-4061
-1545
-716
-2658
-2890
-1461
-736
-2719
-4856
-3880
-3476
-1663
-2759
-3941
-4525
-2591
-683
-487
-4222
-1839
-2791
-2119
-4039
-647
-969
-2854
-1778
-2700
-4206
-3898
-3020
-1933
-1501
-3314
-2352
-3566
-3348
-3368
-819
-541
-1038
-120
-2809
-4126
-1645
-4748
-1533
-4750
-3438
-4793
-3700
-1655
-1980
-3329
-1202
-4995
-399
-3748
-4664
-3119
-1141
-2678
-2181
-3768
-4021
-2678
-3977
-4918
-849
-4951
14
-1921
-3351
-4174
-610
432
-3861
-536
-3953
348
-4380
-3990
-874
-2179
-3767
-2243
-764
-3111
-57
-1647
-1629
-3581
495
-81
-3208
-3449
-4819
-264
-1381
-4145
-168
-1741
-2217
-4252
-3011
370
-2283
-1552
-2469
-4272
9
-1491
-1569
-4131
-1059
-2559
-266
-3439
-2468
-3243
-709
-1318
-1583
-2125
-2535
-411
-3411
-309
-3833
-4418
-2003
-494
-403
-2292
-52
-4476
-2910
-4652
-3060
41
-3579
-1938
453
-3478
-4862
-4503
-4143
-3014
-3437
-2014
-449
-2572
-3159
-184
-4992
-722
-4338
327
-3012
-3467
-1817
-3294
-572
-2821
-3900
-2424
-3776
-2561
-3186
-2056
-1645
-3664
-697
-2496
-861
-1988
-1259
-2677
-147
-1985
-2610
-3072
73
-1673
-2016
-4697
-2445
-1648
-3423
-4566
-730
-1586
-922
180
-815
-2186
-2212
-2456
-4938
-2517
-3295
-3166
-2679
-3880
-3061
-2777
-3758
-4343
-72
-2982
-3485
-1102
-2382
-840
-1728
-562
-4699
-3551
-980
-889
-3359
-191
407
-3565
-2630
-1471
-4064
-2559
104
-1693
-3154
58
-333
-720
-2566
181
-924
-3209
-2919
-2933
-4172
179
-3811
-4730
-2498
-4173
-1512
-4479
-1587
-4193
-1698
-4476
-4267
-3845
109
-3905
-1837
-2189
-4320
-764
-2614
-487
-889
-3057
-1536
464
-4054
-4978
-116
-4667
-2
-3406
-3703
453
-1810
-3113
-2153
-939
152
-3176
-3917
-4274
-284
-1550
-2619
-3040
-3572
-970
-4489
-319
-3776
73
145
39
347
-687
-2126
-164
-1050
-3283
-3145
-464
-2106
-1310
-475
-2903
-4445
-2789
-1361
27
-1823
197
-2663
-3625
-1037
-1545
-4277
-1755
-2803
-1578
-1680
-922
-1624
-2374
-3340
-490
-2328
-1082
-180
211
-384
-845
-3144
-604
-2098
-2903
-48
124
-3788
-406
-367
-473
-4259
-4848
-2686
-2077
-2708
273
-2993
-427
-1140
-4215
137
-3730
-2551
-1313
-1464
-1828
-4271
-1012
-4253
-251
-756
-1538
-4895
-287
-1644
-543
-683
-4595
-3879
-4376
-4335
-3662
-915
-3766
-4576
-2530
-1723
-4291
-2864
-3596
-4170
-2677
-3950
124
-1444
-4301
-2581
-3632
-3791
-3943
-242
-737
447
-3667
-3057
-608
-4923
-2950
383
-385
-3989
-4856
370
-2235
-151
-3850
45
-2574
-4953
-2992
-4669
-759
-2806
-3033
-446
-4459
-4498
-3201
384
-3801
-1987
-957
-1051
-1340
-1843
-3231
-4785
-2388
465
-2896
14
-3474
-3450
-883
-1211
-3619
-896
-3337
-562
-3598
-3166
-757
-3303
-2765
-3538
-1208
35
-4496
-3825
-4885
-1229
-3920
201
-4035
-3926
-3173
-3133
-2397
-340
-2617
-3682
-4179
-770
-4947
377
66
260
-546
-979
-3780
-382
-306
-1396
-1872
-3710
-4485
-1281
-3818
-308
-2103
-1502
50
-3642
-4980
-1331
-4738
45
-4238
-1474
-4597
-753
-156
248
-4899
-1680
-1061
-1584
-3494
100
-994
-1815
-4872
-3203
-1538
-1940
-3314
-3008
-939
-4722
-1340
-2880
-199
-1017
-2875
-3276
-1265
-2427
-4056
-2867
-4208
-4620
-4221
499
-1863
-1354
-2370
-3534
-2763
-1787
-1695
-2228
-2238
-295
47
-3962
-481
-3127
285
149
-288
-1641
-2863
-2543
-117
-116
-4911
-2499
-1165
-374
-3342
-3294
-1273
-4699
-4040
-2961
-1030
-2700
-3606
-1526
-2434
-421
-4897
-2238
-2846
-1817
-4434
32
-501
-681
319
-1734
-3108
-1439
-2401
424
-2230
-3565
-880
352
109
-172
-2051
-4612
-1845
-2076
-2603
-1072
-1675
339
-2082
-2491
-4870
-1899
-857
-4720
-3585
-303
-4172
-4006
-703
-1252
-806
-4945
-818
-4845
-199
-847
-509
-865
442
-4225
-4579
-4096
-2678
-2911
-1267
87
-1043
-834
-1115
-2848
-2361
-342
-4216
-2627
-3292
-1346
-1160
-1050
-1371
-738
-1752
-55
-1275
-4448
-475
-2390
467
-1429
-2735
-1329
-373
-2324
-266
-1809
-1227
-1588
-1417
-4430
-2337
-4267
-2437
-2659
-2568
-3009
-2469
-3961
-861
-2580
-2791
-2575
-1042
-916
232
-1652
-2015
-886
-4220
82
-1369
440
-1200
-4012
-3109
-3980
-4857
-289
-1319
-146
-2746
-3753
-230
-4596
-1156
-1789
-3411
-3821
-4449
-3158
-1301
304
-2840
461
-47
-4055
-2019
-3395
-3044
-4304
-2934
-21
-166
-4589
-4973
-1975
-2430
-682
-1832
-2586
-4538
343
-3614
-1185
-100
-1642
-307
-2796
269
-2504
-371
127
-2386
-2277
72
-2375
74
-4968
-3818
-58
-2644
-3286
271
-2789
-4196
-548
-2625
-3346
-3244
-3227
-875
-808
-3869
-2540
-4502
-4650
-3898
-4364
-226
-3447
-4374
-3097
-1208
-1010
-116
-4836
-305
-2428
-4134
-447
-643
-430
-3700
-3149
-1377
-4493
-298
-3160
-3608
-761
-867
-2631
-2210
-4057
-4860
-3295
-2680
-2980
-877
-1379
-2933
-1880
-4991
-1632
-4941
-1756
68
-4801
-2305
-2332
-767
-2449
-3653
11
-3652
-1144
-293
-1478
-4973
-3664
-2982
213
-3882
122
-3979
470
-2213
-2314
-267
-4235
-4817
-1219
-3191
393
-1193
-3285
-1189
-1709
-1907
-2162
403
-3535
-3755
359
-578
-2613
-3606
129
-2303
-3532
-1610
-2653
461
-1971
-585
-2211
-4416
-4548
-4383
286
161
-3973
-3872
-1224
-4999
-2517
-2165
-4610
-811
-3875
-589
-3453
-131
-3909
-2040
-4972
-1155
-3615
240
-610
308
-2570
-1902
413
-3798
-3082
-1061
-4811
-4792
-4824
-2250
-4217
425
-3179
143
-3238
-4231
-4919
-4033
-4251
-4024
-88
-212
-4804
-2867
-269
-1165
-4826
-3386
-2437
-4026
314
-4232
-3784
-3842
-4040
-4739
-840
-3553
-3169
452
-1188
-1411
-4412
-2615
-3970
-649
489
-4873
-4444
-4337
-4790
456
-1702
-4967
-4861
-1578
-3058
-2112
-158
-3196
-3371
-317
-2097
-350
-3382
-913
-4417
-4016
-3054
-1576
-425
159
-4482
-1462
-4624
-3615
204
-4014
-1040
-753
-3116
-984
-2589
-2601
-876
-1638
-1343
-3871
177
-3859
447
-4033
-4700
-1686
-276
-712
-4922
-2584
-4884
-1171
-2791
-40
-56
-2418
-3918
24
-1678
-2138
-4119
-2075
-1821
-720
-2669
-1752
-690
-3659
-155
-922
-4699
-3209
-1228
-773
-4655
-2706
-1845
-2905
-4375
-1720
-4362
-3028
-3453
-3276
-95
-876
-1507
-2468
-1923
-4931
427
-1749
-1401
-2297
-1386
-3059
-1554
-4245
-3403
-318
-3721
-315
411
-863
-1562
-2661
-1654
-3097
-3891
-2079
-2947
-4773
-3986
-4102
-1935
-2060
-1223
-1278
-3589
367
393
-790
-4113
414
-4671
62
-683
-4616
-31
-1851
-1866
-544
-1613
-2890
-4882
-231
-3283
-1686
-2790
-3416
-2315
-2545
-2057
-2225
-764
-3781
-2661
-2566
-2219
-2414
-4087
-870
-4853
-3660
430
-2272
-3888
-4550
-30
-3790
-1242
-4044
-1606
-2248
-3592
-538
-1080
327
-1834
-2675
-2773
-2047
-26
-3985
-2081
-1347
58
-1869
-4536
-3218
-2314
-2210
-3735
-2069
-2230
-2763
-60
-4534
-2575
-3390
-233
-4781
-1965
-3842
-4651
-2533
-2470
-3160
-1854
-2163
-4693
-1541
-824
-1026
-442
-214
-2464
-1301
-1725
175
-3237
-282
-175
-3380
-499
-2772
-4239
-1772
-3527
-1004
375
-2041
-3421
-3919
-1073
-1506
-490
-2008
-2383
-3321
487
-3055
-4917
-3952
-840
-4258
-558
-2314
-3716
-1611
-2032
-1128
186
-1097
-1609
-1578
-1473
-46
-4932
-2749
-4342
-3907
-2257
15
-951
-1470
-4858
-318
-2666
-1418
477
-3755
-4271
-4648
-688
-234
-360
-644
-3311
-1826
-1166
-4069
110
-1116
-1060
-4795
-1956
-29
-156
103
-3294
-4235
-475
-3816
-4964
-4430
-3438
-4183
-3461
-4483
-1904
-4960
-1095
-2011
-1880
-3229
-2504
-3120
-2109
-2542
-2150
-1694
-4396
-35
-4675
-3897
258
-4357
-2709
-4883
-4228
-3923
-4069
-335
-2303
-1291
-196
-1937
-4966
-1343
459
-3801
210
-4512
-2424
-2739
-2115
-3225
-1265
-2420
-3527
-52
-2382
-4626
-1006
-4823
-4740
-201
-2198
-2582
-3554
-2848
-731
-2185
-1080
-1039
-389
-2124
-2314
-4570
-4772
-2524
-4548
-2974
-522
-834
-2845
-3821
-2298
-1833
498
-106
-4620
-3325
191
-4782
-1846
-3132
-3028
-1047
-4096
-2355
-1283
-4306
-977
-2068
-1537
152
-899
-4992
411
-3138
-2679
-649
397
-211
-789
-3786
-3586
-3244
12
-3487
-4495
-3616
-4349
-2348
-4394
-4556
-2966
-4770
-4924
-3403
407
-782
-180
-908
-4288
-2614
-4316
-4451
126
-3504
-3508
-80
-429
-3729
423
-2906
-1152
292
-1248
-3289
-3222
-1438
-3763
-674
-2131
-1817
-3083
-3717
-4479
-3818
-797
-3666
-3938
-2467
-653
-1704
226
-4023
-3019
60
-2435
-30
-3595
-888
-346
-3146
-3612
-3884
-895
-4569
-4921
-2421
-1822
-4691
-3344
-2562
-3236
-3128
345
-3515
-4996
-3055
-1082
-4885
-250
-3991
-4401
-4476
-4959
-1376
-2726
-829
-4339
-393
-2500
-4803
-1882
-202
-393
-3339
-2556
-2744
-4885
178
-4499
-2602
-4993
-71
-3533
-794
-4161
-2564
-3142
398
-1979
-3961
-1627
-2788
-486
-3747
-4970
235
335
-2319
94
353
-357
-2919
-1259
-2984
-3957
-3649
-4533
-2110
-129
-3101
-4657
-1056
-753
-4824
-261
-4949
-4037
-4941
-3494
-2826
-1641
-931
-61
-1733
-4691
253
-4924
-4712
-906
-3235
-3052
-252
-2917
-765
-1814
-2481
-2478
-4567
-3864
-1905
-1866
-4717
-3450
-3039
-431
-2941
-952
-3992
429
-1238
-4388
-1116
-764
-2298
-2926
-3631
-98
-1728
-4726
-4185
-3238
-2409
-3167
-4534
-773
-1341
-2202
-3635
-369
-4943
-2855
-2400
-2417
447
-3194
-574
-633
-4665
-1032
-4182
-2912
-2070
-1043
-4136
-4508
-4050
-671
-3270
-4564
-724
-3801
42
-1796
480
-3001
-4849
-3619
-4519
-153
-606
-4977
-1333
-1144
-3599
305
-3283
-1954
-2117
-414
411
-909
350
-355
224
-267
-2050
-3642
-1160
-185
-2088
-4388
-919
-2932
113
-3940
-3052
-2142
168
-1962
-4349
-1507
-2788
-3038
-4161
-3863
-4797
-195
-1377
-4740
-2436
-2403
-262
-4888
-2404
-2553
-610
-3187
-3092
-4015
-4653
-490
-3434
-1184
-1593
-1409
-2058
-4717
-295
-2840
-3464
-3567
-4815
484
-4387
-2920
-4353
-3088
-3719
-2946
-2579
-4596
-2990
120
-780
-4714
-1429
-728
39
-3730
-2820
-4508
-183
-2129
-3935
-1652
-3214
473
-1497
-3460
-2724
-4266
-409
-3663
-3475
-4169
-4394
-1321
-447
-2162
65
-1558
-3523
-4910
-3878
-3999
390
-2139
-4783
-4925
-3250
-1105
-1739
481
-3725
-2902
-2142
-4352
-3094
-2970
-627
-958
-2811
-4146
-3687
-4294
366
98
298
-2421
-1753
-4956
-1615
-1784
186
-1252
-622
-1435
164
-873
-2877
-1605
-640
-1491
-1840
-2645
-3898
-362
-925
-3746
-22
-3241
-2838
-1394
-824
-1411
-704
-2819
-2916
-643
-3667
-3489
-3468
-3447
-1020
-956
-1593
-4357
-2232
-1656
108
-1692
-778
-1878
-694
-929
-282
-1648
-4015
-755
-2806
-84
121
-3450
-1226
-1572
-3090
-4302
465
239
-2958
12
-731
-3001
-2674
-3530
-560
-4304
-3995
-2792
-2413
-1653
-1501
-4614
497
-526
-3534
-1411
-4153
-4312
-45
-1142
-4342
-1577
-4316
-3256
-774
124
-3470
156
222
-2898
-850
-2313
-2321
-4974
-1968
-3974
234
-1613
-2
-1473
-2066
-830
-3973
376
-3518
-3242
-2163
-475
-2335
-1817
-3745
-2911
-1288
-2640
190
-1671
-216
-4588
-707
-1801
-4417
-1260
-2238
-3300
-262
-3656
-1267
41
-105
-2562
-4341
216
-2547
-4532
-732
-327
-2412
-2834
-369
-207
-4613
-4490
-2180
-2233
-2740
-155
-51
-1264
-2951
-4878
-902
-969
-4779
-1716
113
-3299
-4351
-2992
-2140
-3804
-4730
-3489
-3656
-2059
-3940
-4716
-3258
-107
-555
-949
-2534
-1498
-4294
-3651
-97
-1230
176
-1740
-2253
-1877
388
98
-1155
-4763
-3383
-1734
-1287
-2293
-2524
121
-2070
-1950
-3314
-3712
-159
-134
-111
-2732
223
-1922
-1595
341
-4269
-365
131
-607
-1272
-2383
-4804
-4605
-462
-2728
-1719
-4691
-2087
-3230
-605
403
-3729
-1771
-4141
-2109
-2322
-2811
-3550
-341
-3944
-4105
-4721
-3479
-193
-3765
-3408
-709
-4620
-760
-2949
-3508
-4341
-1074
-4962
-256
-1135
-1916
-3971
-3173
-3180
284
-2840
-44
-4623
-2954
164
-3059
-2605
-1610
-1624
-1677
-3797
-150
-524
-3004
-3356
-685
-624
-2198
-4538
-1402
-4947
-4453
-3057
-1745
-4118
-2207
8
-1028
-3475
-2471
-4448
-2827
316
-3731
-2084
370
-1386
-3956
-626
-504
-839
-2341
-3112
-790
-3861
310
-4539
-2664
-4140
-2733
-96
-4562
-3768
-1266
-107
-2209
-604
-4017
284
-848
-2252
-1092
-3730
-2524
-3064
-1606
-333
-3848
438
-4054
-3190
-2841
-1726
-2890
-126
-1782
-2601
-1415
-845
128
-2945
-1976
-839
-1606
-3372
-4176
-4549
-3676
-2939
-3660
-183
-506
-2721
-3584
-1973
-1422
-1388
-3305
-1954
-2235
-2699
-2173
-4319
-4468
-4052
-2608
-967
-1451
-1982
-1733
-4216
-4335
-3443
109
84
-4731
-2939
-4297
-64
-1492
-2876
-1079
-3792
-1692
-4533
-448
-3819
451
-4714
-1294
-3045
-2680
-3816
-4505
-3968
-4538
-877
-2363
201
-2331
-1519
-1344
-2940
-1327
-112
-1712
-1312
-2784
-2011
-4528
-153
76
433
-4944
-1444
-4331
-1959
-3457
151
-2814
-2921
-4113
-204
-4661
-3073
-2307
-4132
-477
-1431
-4277
-757
-4877
-2119
-2834
-219
-4626
-3689
-4920
-4437
-3245
-3188
-4227
-3176
-1956
-251
-2029
-2313
-1419
-4481
-4283
-186
-1516
-3364
-2754
-611
-4569
-4180
-4090
-1223
-3641
-2219
-397
-1311
-3323
-4802
-2004
-2200
-4018
-235
-802
-2596
-4107
-1646
-3496
-3542
-76
-3221
-417
-1684
-338
-227
-2670
-3178
58
-4994
-2354
-3561
-4276
-2435
-793
-4395
-4936
-2508
-3430
-2487
-1690
-1385
-2185
-4308
-3991
-4913
-3875
-1011
-4150
-1091
-2273
-2510
-4542
-1053
-3018
-3800
-4190
-2465
-435
-3981
-4357
-399
-1753
-2547
-1578
-1221
324
-3562
-3153
-1532
-4316
-1294
-1386
-3141
-4094
-4695
-1130
-4149
-1381
411
-4988
-2767
-3047
-3980
-2915
-3689
-4821
289
-4244
-2889
-1422
-4921
-3820
-3955
-3548
-210
-4703
306
-4815
-1733
-336
-1853
51
-2975
-195
-4876
-345
-996
-4024
-2297
-3785
-907
-2175
-366
-1971
-218
-4013
-3060
-1303
-1259
-2021
-2863
-4273
241
-3012
313
-4781
-3015
-3108
-4278
-4321
-349
-806
-4817
-2992
-3609
-4051
-1196
-19
-283
-384
344
-1443
-1622
-4056
-689
-3578
-1795
-918
-4396
-2074
-2483
-4465
-2658
326
-4344
-2018
-3564
477
-454
-2472
-116
-2612
-1907
-2542
-3489
-2918
142
67
-3988
-838
-1666
-4132
-1961
-3943
-4158
-2783
389
-2551
-3850
-3116
-1964
-2201
-3910
-727
197
-4453
452
-1467
-4520
-2207
-148
-4238
-3960
-4978
-462
-1714
-3870
-1561
-4897
-3473
-1898
-2045
-940
-1156
-3440
-638
-3377
-1482
-4427
-2985
-2698
-686
-4939
-1007
-2218
-2737
-4292
-1944
-3006
-1186
-1269
-2467
-4831
-1463
-3422
-2326
-379
-497
-3956
-2777
-1089
-3259
-4807
164
-3861
-4530
-3734
-1701
-484
-2674
-1780
-75
-3899
-4796
-1950
-4595
-2041
-708
-3698
133
-3388
203
194
-1357
-878
-1104
-358
-3996
-913
-1671
-4602
-3769
21
-2459
-1295
28
-1097
-1995
-3320
-2213
-355
-3921
-2865
-1485
-3689
-2771
-4258
163
-1808
-1528
-2368
494
-199
-1885
-1335
-2412
-1840
-3167
-668
-4214
-3094
-3073
-3402
-2778
-3983
154
-4295
-4274
-614
-3007
-4446
-766
-964
-3425
-3176
-772
-4554
-3511
-2698
316
-2653
-1219
-4346
-1846
-990
-1631
-1074
-2480
-835
-2061
85
-2408
-1595
-1700
-1520
-1356
-2392
-4466
-1787
-3730
-1606
-2060
-2224
-3528
-889
-2871
379
-1995
-911
-1249
-3811
119
-46
-4786
-1277
-1629
-840
-813
-3495
-208
277
301
-4989
-2946
-2796
-490
-658
-2127
-4855
-1482
-2656
-1983
-4049
-3393
-1892
-3045
481
-3050
-2594
-2678
-971
-4211
196
-202
-3499
-1159
285
-1036
-2849
-2492
-1254
-2990
378
-1452
-4036
-2431
-1504
-2148
-2217
-3315
-3542
-597
-4912
139
-3820
-1612
-4434
-721
-3336
-3340
-4116
-834
-2490
-1733
-943
-4796
-3651
-11
-3591
-1872
-1079
-1455
-3849
-1958
-1856
-1714
-2982
-3459
-3960
-3487
-290
-4534
-4229
-2793
-4441
-4865
-319
-3832
-3582
28
-3720
-2751
-4756
499
425
-4568
22
-2816
-817
-4432
83
-4975
-968
-3217
-4589
-437
-1284
210
-1001
-909
-1055
-3146
-1651
-2067
-4023
-591
-1079
-3554
-3723
-1671
-2919
-1141
-4658
-255
-2399
-1834
-1398
-1885
-685
-4149
-2375
-4413
-1606
-3436
-1010
-2857
424
481
-1628
-2989
-3185
-3453
-567
-4597
-1741
-378
-3442
-191
-3417
-2128
-3472
498
347
-627
-1125
-3130
-1416
-4519
-4889
-1235
-4677
-2280
-4822
-771
-2497
-289
-3785
-668
-1100
-175
-758
-6
-3698
-1019
-1074
-2120
-2971
-2644
-305
-1640
-1660
184
-1402
-2863
-3606
165
-4146
-2655
-2508
-2810
317
-2398
-640
-4485
-633
-2060
-2267
-3048
260
-3498
-2264
239
185
-3528
231
-610
-4835
-1906
-4297
-2152
-1003
-4334
-1486
-1674
-1575
57
-1907
-2627
-1414
-2254
-487
-1601
-1440
-867
-369
-2179
-2713
-340
-2295
-1671
95
-526
76
-1403
-3755
-316
-3289
-2460
434
-1389
-1670
-4808
-4114
-4254
-142
-2428
-1354
-638
-239
-3331
-1738
-1022
-485
-1783
175
-1742
-3544
-4067
-940
-2781
223
-1756
-1525
-4104
-2732
-1759
-1867
-4057
-1381
-3114
-800
-733
-4223
267
-4864
-4111
-242
-4294
-2448
412
-179
-4138
-433
-2108
-2432
494
-4743
-1490
-4818
-1522
-3590
-1365
-2413
-4141
-1728
-1589
-3769
-4955
-1195
-4667
-4795
218
191
-2007
-2007
-4729
-182
-499
-947
-1391
-2350
-695
-2030
-1158
-480
-342
-1980
-2218
-2390
41
-4883
-3965
-3018
-2080
-3035
-3473
-749
-2321
-3751
-1244
-3569
-2408
-4623
-2682
-2044
447
-1184
-133
-2354
-2153
-2485
-3989
-4115
-3695
-271
-2980
-2023
-4394
-4568
-2109
162
-657
-4485
-3564
-1820
-1064
-2850
-68
-1575
-2611
-1161
-1119
-1206
192
-4317
-2957
-3137
-2527
-4231
-2117
-3353
-4325
-2274
-821
-355
-187
41
-2770
-3427
-3697
-2417
-2168
-4751
-1627
-3776
-769
-1291
-2406
-658
156
-4948
-684
-1593
-1709
-747
-539
-2037
-75
-743
-3859
-2555
-1807
-2960
-4593
-1342
-2914
-758
-1471
414
-1230
172
-4090
-4211
-232
-1728
-2799
-1157
-2228
420
-3415
-1199
-4967
222
-164
-3946
-4430
-4939
-4743
-2831
-484
49
-158
-1869
-3776
-4078
-4058
-4914
-4415
-3520
-1876
-4795
-1151
15
-3921
-4625
-319
-1468
-2478
-2257
-3315
-2304
-4961
-1858
-2482
-1163
-3780
-3016
-2303
-543
-1492
-1066
399
-3056
-3862
-183
-512
-3698
-3825
-1991
-2239
-992
-2228
-3868
-3090
-3053
-2516
-253
-999
-1237
-2038
-815
-3660
-351
-1178
-2328
-3795
-3746
-2508
-4988
-2542
-815
-4975
-330
-107
-1905
-2318
-3966
-1358
-397
-4752
-4
15
-851
-2501
-3158
-2752
-565
-3651
66
-884
-2069
-2929
-4309
-2629
-2318
-4956
-1546
-3991
-2239
-67
-2685
-3664
-4252
125
-1658
-3183
-1310
-1848
-774
-2794
-4231
-4857
-302
-3423
-2195
-2251
45
-1916
-1768
-154
-110
-1611
-4614
-4105
-1158
-2633
-3530
-4666
-2402
-555
-4022
-2828
-4065
75
-4402
-2010
-3043
-1095
-3490
-1850
-1833
-3892
214
-2584
-4112
-3549
-2327
-1488
-3548
-2416
289
26
-4946
-4803
-2016
-2316
-3433
-3040
-2729
-4158
-1559
-3710
-3456
215
-4014
-1513
-1295
-4509
-3278
-3957
-912
-3331
-4721
-84
-1552
-764
-3336
-4935
-3853
-4632
-4272
-3873
-3345
-2331
-3508
341
42
-3868
-1597
-2309
-4464
-1381
-2067
-1439
-4414
-2257
-3096
-1692
-4337
-3931
-2897
-1664
-1380
-1239
-1203
-2121
-3437
-3204
-1953
-779
260
-4937
-1667
-3883
-3081
-1417
-4771
-3919
-3443
-2536
-1692
-3898
-1674
-437
-3576
-1124
-2143
-446
463
-4768
-3982
-1922
-269
-3706
209
-3793
170
-150
-4372
-2662
-3536
-941
-2346
-746
-2954
-3337
-4508
-805
-2688
474
-2459
-579
-1773
-1774
-3460
-2531
-3460
-245
-2171
-3184
-3673
-4448
339
-838
-1142
-2576
-2686
-832
-1880
-2330
-4611
-4729
-4124
-3266
-1948
-1204
-2848
-1621
-4841
-374
-2895
-4465
-221
-3190
-1311
-1633
-4962
-1014
159
-41
-1879
-3457
178
210
-1637
-1793
-2716
-3995
-148
257
-3992
-4245
-2002
-598
-1489
-310
-4182
-1419
-1218
-2001
-2315
-3208
-1227
-2145
-1129
-4994
-3481
-1032
-191
-3595
-2475
-514
-4947
-789
-2161
-1530
-2629
-3576
-2567
-3796
-4827
-1491
-786
-3749
-4909
-4209
-979
-4438
-1291
-539
-3087
-751
-1049
-4766
-931
-683
-436
-332
-2067
-1874
-3090
-134
-4093
-2237
-4545
-2320
-2831
-3208
-393
-2450
-281
-2229
-3274
-987
-4931
-4396
-2891
-2769
-2094
-1387
-2656
-1030
-3994
-4785
-1432
-2573
-267
-2241
-4624
-281
-2808
-2874
-3167
-2626
-4511
-3359
-802
-64
-1620
-158
-4196
-933
-2302
-2507
-3601
133
318
-507
-3907
-4768
-2742
-3150
-4941
153
-178
-4749
452
-4050
-4600
243
-2339
-478
-1932
-4302
-130
-2361
-304
-693
-2822
-4982
-4084
-3860
-126
-1511
-2188
-4632
-2022
-3106
-4256
-175
-2471
-2553
-648
-3400
-3521
-1837
-1223
-1142
-1690
189
-1239
270
-797
-3634
-1349
-4452
-3539
-363
-4117
-4807
-1599
312
-218
-885
-4336
-867
-4262
-3425
-2336
-882
296
-3619
-4587
-4926
-3718
-3001
88
-1423
-1694
-1018
-3347
-4357
-873
-4361
-224
-4270
-1021
-1664
-4290
-4590
-4271
-4669
-4234
-507
-3824
-1840
-4389
-4443
-4707
-3676
-4295
-2367
-3717
-1076
212
-173
-753
-4121
-3056
333
-209
-1307
-1466
-697
-2683
-164
-1485
-3610
-4175
-1011
-1513
-2894
-4960
-1504
-1532
110
-3333
-2268
-1963
-3925
-2612
-2612
-1564
-3085
183
-30
-4442
-4124
-3913
-2411
-3322
-3096
-560
-3264
-3776
221
-1090
24
-2225
-3336
-631
-2110
-1273
-4882
20
-4046
-1185
245
-3528
-4454
-4928
-397
-3727
-2327
-305
-1347
-2992
-1555
-2305
-2017
-1698
-476
-4103
-4815
-1441
-76
-3698
-3434
-1838
-817
-3318
-4016
-2946
-2469
99
-1693
-1446
256
-1085
-826
-731
-715
92
57
-203
-1460
-3775
-3604
-1923
-1161
-1189
-2512
-1961
-2016
-1082
-2142
-2838
379
-1136
-3231
-3417
-1999
-3426
242
-4006
-2113
-3714
-4419
-2067
-740
-4582
-4570
-3144
-1038
-444
-641
-1265
-4437
-2474
-1068
-3199
-2204
-3862
-3946
-3820
-2670
-1275
-3497
-1042
-3471
-1692
-3058
-1472
-1828
-2471
-1000
-1090
255
417
-2385
-1912
-433
-4932
-4360
-2532
-334
-3297
-1551
-4184
-1558
-75
-681
-1052
-3770
-160
-2951
29
-3507
-1111
-3075
-338
-2895
126
-3658
-3991
-2228
-1399
-2659
-4585
-2041
-4775
-4368
-1370
413
-3106
-3031
-2594
-4412
-3093
-3938
-4415
-3834
-1981
-1955
-555
-4217
281
102
-1610
-793
-2981
-55
-3646
-4593
427
-461
101
-3777
-2946
-926
96
-413
-1726
-4109
-3581
-2441
-584
327
-2231
-4676
-4984
-3900
-2433
-4917
-2231
-1437
-1947
-2307
-1674
-3282
-3163
-3399
-135
-1548
-90
-2898
-3320
-1031
-2609
-3986
-3233
-3908
-3728
-2957
-420
326
-3297
499
-2271
-1953
-2662
-1061
-1790
-3472
-4784
-3950
-1219
469
-4979
-3054
-362
-3957
-1384
-1162
-3680
-4242
-3307
418
-377
-1692
-4920
8
-362
-2986
-3904
-3279
-3147
-2612
-2386
-4096
-4192
-2714
-124
-2734
-1043
251
-732
-658
-4065
-3073
-1132
45
-4215
-4567
-1251
-3636
-3654
-2660
-3805
-3126
-3479
-4267
-4600
-2099
-597
-152
-1981
-1695
-4160
-3126
-945
-2228
-2354
206
-2966
413
-1858
-1808
-1151
-2348
-4655
-3197
-474
-448
-4726
-1046
-2564
-3540
-4234
-4683
-3538
-63
-3236
-4736
-1931
-1920
-1341
-1233
-3545
-517
-350
-1667
-3540
-3741
-4912
-2474
-4451
-2673
-1730
57
-4041
-3528
-3721
-4342
-3107
-1472
-3086
-2233
88
-4475
-3611
-831
-2898
-1994
-227
-560
-2430
-4191
-1007
-2816
-2884
-4535
-2660
-1893
-1531
110
-1979
-417
-3117
-1029
-3356
37
-1596
-3696
-3257
-3229
-2268
-1392
-2809
272
-4719
67
-2438
-4518
36
-2273
-2098
-51
-3494
156
-3264
-3423
-3323
-832
-2950
66
-1625
-2258
-856
-4485
-2598
-2814
-2427
-1102
-2647
-4705
-2521
-663
-887
-3449
-1076
-4450
-2470
-2038
-806
-1909
-1158
-2946
-2860
-2937
-1889
-3025
-4005
-4441
-4492
-1150
-2964
-1360
-1928
-1354
-2915
-3756
-1655
-2009
-2681
-4521
-459
-2656
190
-3132
-125
-2723
-1958
-781
-4756
-1107
-4917
-1575
-2964
-1620
-4541
-3307
-2226
-921
-4426
-1014
-4953
-4616
-4091
-3891
-850
-3770
-333
-2407
-3169
-3646
-2159
-2394
-1589
-3123
-621
432
-109
-1689
-2020
171
-702
-3575
-3964
-3219
-4277
273
-2282
52
-206
-1064
-4595
-326
-4163
-1228
-902
-2026
-1621
-4314
-3175
40
-1945
-4907
-4198
-164
-1444
-1108
-296
-3532
122
-3290
-108
-479
-3360
-741
-2316
-4707
-4424
-827
-2893
-3471
-4111
-23
-1920
-2085
-583
-1303
-2821
-4034
-824
-555
-3720
-1049
-2815
-127
-3366
-2528
-4148
-260
-682
-4182
-1332
-4643
-3971
-174
-4604
-2941
-3825
-1432
-3483
84
-4275
-86
-3879
-3144
-3239
-2606
-1110
-237
-673
-1955
-3160
-2469
37
208
-1769
-517
-4122
-3421
-4294
-3683
-761
-4492
-414
-4970
-4492
-4144
-1696
-3961
-352
-4938
-3816
-3269
-4688
-931
-2597
-2674
-3339
-166
-4878
-1943
-2631
-951
-4031
-323
-2613
-3388
-3819
-85
-3492
-1231
-713
188
-1084
-206
-584
-1014
-4248
-4920
-602
-3412
-4139
-2772
-1577
-2583
-2347
-853
-4986
-3603
-1486
-2029
-2618
-1657
-1609
-2116
-1489
-1476
-3425
387
-2156
-1128
-1420
-2172
-4899
-4633
-4901
-4699
-4469
-4167
-1056
-892
-968
-2955
287
-1598
-902
-3196
-2411
-264
-335
-4292
-4807
-4165
-3302
-1350
-4726
-3281
-1047
-3510
-3416
-3765
-3852
-1738
-1307
-737
-642
-251
-176
-1387
-928
-954
-4778
-95
-589
-3260
-2236
-2500
-685
-279
-1739
-1126
-111
-1068
123
116
-2261
-4415
-4211
-4704
-4796
-577
-3151
-868
-1581
-4982
-1306
-1608
-4771
-2536
-1760
-331
-4643
-238
-2203
-2243
-4400
-2107
-4874
-1684
-233
-4104
-3889
-4069
-585
-1348
-3063
77
-4139
388
-4498
440
37
-4787
-4465
-1511
-4698
-4169
-3880
-778
-553
-2975
-2656
-1522
-553
2
-1026
-4930
-581
-3902
-2133
-1695
-3213
-1700
-2403
-3263
-3380
-4369
-921
-4996
-3380
-2208
-809
-2537
-4085
-2046
-858
-2899
-3459
-3120
-403
-1215
-1995
-1099
-2729
-3760
-1103
-3976
-4727
-4829
-3743
-2008
-1804
-4227
-2137
-3454
-3625
-1898
-2338
-4182
-2179
-3293
-272
-3865
-1720
-1052
-4941
-376
-1780
-4802
-1438
-3026
-491
-3288
-752
-2941
-1143
-3290
-674
-2046
-642
-3527
-741
-3381
-2832
-3747
216
-1791
-1877
-2518
-1977
-3789
-4651
-1413
-3434
-1252
-4487
437
-3095
-730
-2642
-894
-299
-899
338
-4169
-3505
-867
-4385
-3759
-4588
-4688
309
-1978
-2889
-428
-1903
-465
-205
-3963
-1028
361
-2813
-1148
-87
-834
-1910
-3680
-266
-3626
-3474
-2219
-1441
-2761
-1373
-3904
-2911
-4256
-4179
-575
-3655
-4573
-2251
-4096
-442
-481
-1955
-4381
-4309
-1106
-895
-2214
289
-4737
-3336
-1389
-4600
-463
-1027
-3030
-4307
-3944
-4690
-907
-3305
-3628
-2536
-3714
-4462
-2952
-2643
-916
-2979
-514
-4428
-130
-977
-3772
-493
-3322
-4706
-4070
-2247
-2229
-2508
-1901
-3456
-4652
-2888
-817
-192
-2037
-3391
-2229
-2183
-2113
-182
-956
-377
-4236
-3633
-568
-3983
-3530
-3420
-280
-4832
-3448
409
-1592
-2882
-1504
-4238
-4760
-4579
-3333
-783
-1705
-687
-2503
-3790
-375
-2166
-4567
-3724
-4808
-2556
-4995
156
-1077
-567
-684
-3971
-947
-1220
-2335
-4195
-3810
-3559
-4470
-918
-1656
-1254
-1059
-3506
-3204
97
-4129
-4924
-3570
-4622
-1519
-4071
-3758
-1371
-711
-1777
-3447
-3850
-3132
-1448
-4230
-4642
-3028
-834
-2515
-4501
-2505
-3511
-4880
-4901
-3982
-4800
-3183
-679
-1733
-1845
-1894
-1960
-1394
-911
-810
-4612
-3632
-2560
-609
-722
-1584
-458
-4128
-594
-554
-2083
-4118
-4906
244
-3797
-1392
-3893
-158
-1848
-4512
-3885
-324
-2164
428
-3181
-3768
-262
-413
-731
-178
-2021
-2762
-1675
179
-4569
-2289
-1566
-4793
-1910
-315
-2270
-4287
-2738
-44
-1641
-941
-3125
-4853
-3777
-1665
163
-4084
-2901
-581
-4849
-3572
-4441
-3342
-4126
-3067
-555
-2814
-3398
-83
-835
-4229
27
-4293
-4498
-4750
-1610
-777
220
-2701
-3705
-2773
-609
-2263
-3123
-4998
-1760
-2566
-2817
-3402
-4660
-2635
-2154
-3107
393
-3600
-3343
-4145
-331
-2952
-2598
-634
-2492
-959
-795
-467
-4934
-918
-3796
-3706
-2571
-1661
-3674
-2334
-3075
-2408
-1199
-4455
-1227
463
-4438
-803
-980
-4718
-3363
-762
-4976
-4347
-2340
-4698
-4339
-935
-1986
-2939
-479
-2584
-3602
29
-4150
-943
454
-290
-4406
-3972
-2595
-2510
-4
-213
-2174
372
336
216
428
-4323
-1117
-3281
-4515
-1244
-1299
291
146
-1824
-355
-360
-1896
-943
-3040
-4200
-4960
-4586
-4625
-578
-1791
-4030
-1115
-3988
-4869
-138
-3474
-4377
-950
245
-4973
-819
37
-1687
-4466
-1475
-2178
229
-432
-2307
-4888
409
-3973
-3344
-3345
-4424
-2533
-3575
-4764
-3556
-2173
-4985
-1052
-3743
-3548
79
-4993
-1629
-4639
-3831
-2946
-1449
-3602
-417
-845
-368
-4029
-74
-2185
-1759
-4086
-93
-1721
-459
-3655
-4095
-3411
-1862
-3695
-539
-1686
-1059
-4790
-1662
-1911
-4962
-634
-2357
-1520
-4075
363
-3539
-510
-2431
-1546
-2134
-3032
-4334
-4720
-1552
-1083
-4894
-4485
-4674
-584
-2883
-214
-4308
-4238
-3948
-1465
-4855
-3066
160
-4565
-2051
-3535
-962
-4609
-3117
-1947
-3048
-1011
-3133
-2867
-3344
-2700
-1737
-4735
-4763
-3321
-4619
-3481
158
-1767
-1211
67
301
-901
-61
-2925
-1678
-3072
-3573
-3272
-4351
-4487
-1225
-3157
-2723
-869
-67
-2241
-2242
-3016
-857
-4594
-3277
-3882
-1501
-4928
-4019
-1585
-3686
-3442
-627
294
495
-1973
-3006
427
-2933
-5000
-98
-3360
-1809
-917
-1158
-1599
-1342
-3663
-4730
-3731
-77
-1867
-1104
-4548
-4379
-2275
78
-2922
-4317
-1845
-3412
158
-2324
-787
-4365
-4540
359
-3142
-1937
-2746
-3712
-206
-4602
-2741
-2688
-3177
416
-4675
-552
-1108
-1966
-3008
-3190
-4312
-4592
-3336
-2283
-1453
-3107
-557
-544
-3687
454
-3609
-1782
-3551
-651
-1142
-4078
-536
-2337
-4950
-2271
-1286
-3287
-3761
-1085
-3940
-3122
125
-4328
-3914
296
-3527
-4989
-2790
-27
-4518
-1465
337
-4400
-1551
-3879
-3856
-824
-1107
-2577
-4021
-712
-1218
-2517
-3308
-297
-563
-2872
-4268
-2129
-1710
-1536
-3842
-176
459
-1091
-2358
-1470
-4845
-4429
-2104
-3263
-3840
312
-2101
-4231
-3930
-1542
-2894
-1299
425
-4943
-143
-2629
-895
-2970
-1926
-2495
-1373
431
-158
-585
-3393
-60
-3403
-4443
-3756
-3728
264
-3099
-3551
-3368
-1176
-895
-4920
-963
242
-2594
-2563
195
-3898
-4049
-335
-2634
-1409
-34
-1194
-1771
-4176
-4482
-675
-408
-4902
-3670
-1108
-1752
-3389
135
-1061
-4479
-2371
-3489
-2046
-4540
-2659
-2359
-4845
-653
-520
-4388
-1309
-2281
-1702
-1103
285
-3151
-1905
-3594
-912
-501
-730
-4702
-3978
-4848
-1805
-312
-4113
-2227
-468
-322
-4605
-3166
-4353
-4885
-518
-3049
-94
-1974
-2690
-4183
-3046
-3695
-4419
360
-4230
79
58
-1286
-2872
-3820
-1764
-590
352
-4035
-4809
-1085
-4188
-1420
-2901
-3955
-2763
-2864
-1929
-4303
-37
-2627
-708
-407
-3200
-1454
-3605
-2269
-1993
-3609
-657
-1764
-1394
-2944
-2740
-1191
-4467
-632
-4873
-4385
41
-766
-611
-368
-1749
-4376
-3152
-3100
-1602
-338
-90
-1476
-1115
-2811
-3954
-1370
-405
-250
-1191
-2999
-4734
-4553
-121
-2792
-3609
-471
-1657
-618
-4694
-4331
-2747
-1425
-614
-4689
-2749
-1442
-2570
134
-193
-2620
-1658
-4387
-502
120
-2993
-1203
-4667
224
-4760
-1894
-1086
-4435
-3528
-4384
-3057
-3171
-183
-1598
-3112
-3512
-1381
-1216
-4604
303
-1814
-1790
-4513
-4234
-326
-1223
-918
-514
-1331
-4219
-3073
-3312
-369
439
-1148
-2424
-1095
-4313
-2133
-4024
-1072
-3988
128
-3633
-394
-3790
-4244
-1635
-4859
-691
-4488
-385
475
-2017
461
-4228
-2212
-2059
-2081
-1185
-3999
-1640
-3500
-384
57
-1540
-2279
-3093
-646
-4097
-1931
264
-4430
-3922
-253
28
-4426
-2960
-4705
-742
-4923
-2228
-310
-605
-3039
-4208
-4465
-4103
-1567
-1703
-1406
-2727
-3933
-3627
-1137
-794
-4912
-1221
-3140
-1587
-3008
-4846
-2756
-441
-3886
27
-963
453
-4458
-2442
-12
-2735
-1756
162
-4529
-1308
-4384
-1354
-4670
-4803
-160
-2555
-1069
-330
-2005
-3869
-2941
-1246
-3175
-720
-2196
-4690
-145
-1564
-4773
442
-2010
173
-456
-2944
-4394
-755
-3647
-1896
-3427
-1119
-4673
-3570
-2941
-4897
-1073
-158
-1222
-625
-2487
-3306
-222
-4260
-4281
231
-4571
-1020
-3582
171
-1072
-635
-4003
-3956
-2020
-2203
-1608
-4524
-1387
-3656
-2021
207
-1313
-859
-2001
-332
-5
-2465
-262
-2551
-4280
-4144
-1797
-463
-3944
-4859
-4104
-4815
-947
-3743
-2502
54
-1184
-3250
317
-4658
-4989
-3131
-1409
-2523
-196
-4195
-1486
-722
-3524
-2378
-4886
-4248
-3986
-3455
-335
-1132
-2472
-123
-1470
-1864
-1839
-2207
389
-2688
-2386
-337
-1917
-710
-3825
-1480
-4319
-3352
-2776
-683
-826
-3734
-3477
-3525
-2819
-2776
-1207
-1508
-4099
25
-1687
-3029
-4190
-3769
-4728
11
220
-759
-4326
-683
346
-4832
-176
-4358
-1318
-3683
-2488
-2399
-4196
80
-1533
-1691
-3734
-1124
-3604
-3925
-3512
-1797
-2754
-2892
-2989
-1023
-2979
-2598
-3188
-133
-4678
-473
-2379
98
-4262
-1327
245
-4392
-367
-2125
-3544
-3014
-1720
-4314
-4445
226
-3205
-2499
-1058
-2020
-242
-1392
-1488
-1518
-3862
-967
-2932
-1455
-3989
-978
-4085
-1589
-4135
-3458
-681
-1309
-3148
-1547
-349
-2582
-259
-1869
163
-3052
-1542
-556
-146
-2161
-264
70
-3720
-1384
-375
375
-2790
-1097
-2786
-1441
-4425
446
-1656
-59
-2475
-2272
-1822
-4999
-3056
-3250
-4109
-3899
-85
333
-4836
-2406
-4516
-623
-4058
-2591
-324
-1028
-65
-1819
485
-3599
-120
86
-1601
-461
-4251
-927
-4156
-4084
188
-296
-4335
-4505
-4848
-2272
-2248
-4348
-1676
-2238
479
-3735
-605
-2886
-4868
-3334
-1109
-4780
20
-4210
-1467
-1566
-2389
-2724
-965
-3227
-4894
-2181
-999
-2040
-540
-1256
-4858
-4940
-4595
-749
-674
-377
-3109
498
-301
-4495
292
-3146
-3772
-1649
-3968
-2282
-600
-2692
-205
-1559
-1894
-4513
-4554
-2916
-4261
-1121
-3972
-575
-3727
-4935
-2179
-1887
-909
-4166
-3508
-750
431
-14
-2881
-1406
-376
-4085
-3334
91
-1043
-1773
-3623
-2907
-3966
-3831
-3829
-3492
-2040
160
-369
-2761
-2368
-4652
-2491
-4027
-3783
-2966
-861
-366
-3573
-30
-4083
-624
-289
-4727
-2360
-4760
-3330
-26
-2585
-1554
-4067
-953
-891
-1076
-1925
-2235
-4164
-3223
199
-2331
-4515
-3450
-1298
-4105
-4086
-2993
-3698
-4795
-256
-4676
-4068
-2216
-2121
-4900
-1030
-1551
-2769
-3627
-4986
-1303
-2358
-4834
-2009
-15
-2817
-322
-858
-3640
-3820
-2165
107
74
338
-878
-4999
-3098
-1837
-3392
-732
82
-3145
-4550
-4978
-4536
-1100
-4247
-3592
-4652
-3796
-3899
-1568
-581
-4982
-1130
-4952
-2355
-4039
-4094
-3481
-3278
-760
-510
-1787
-4397
255
-125
-3837
-1596
-2011
-3713
-2459
-754
-4445
-4711
-1440
-1543
-775
-228
454
-1268
-989
-2916
-1793
-4228
-3216
-3665
-4819
-394
442
-1849
-3466
99
-1307
-1987
-3348
-2040
-3299
-2174
-4138
-952
-3894
-113
-4827
-554
-1673
-322
-3767
-116
-1924
-370
-4778
-3134
-1431
-4913
468
-718
-3384
-4020
-3614
-895
-2100
-3428
-3526
-2947
-2238
-1720
-4100
-4538
-646
-2625
-157
-1449
-50
-3293
-4465
-3517
-191
-2329
-3242
-1843
-3941
-2631
-4117
-1897
-1555
-386
384
-3451
-781
-4174
-3261
-3138
-3611
-930
-3650
-3210
-1634
-707
-2773
-2406
-2708
-3636
147
-3194
-1376
-2546
-2801
-2116
-2085
228
-2922
-3529
-1950
-886
-1879
-4168
-1615
-2460
-4065
-732
-3628
-1434
-2067
-3346
-2100
-3469
-994
-4830
-1213
-1391
-4768
-1844
-795
-1495
-2270
-4398
-1177
-2664
403
-1461
-98
-26
-2255
251
-4481
-3305
-3235
98
-1471
-4558
-1960
-1197
-1908
-3292
-470
-3831
-2881
-158
-2773
-4468
-1448
-4564
384
-1786
122
-136
-4358
-4125
-951
-2854
-1025
-79
-4307
-858
-3654
-4542
-2656
-1111
-788
-1055
-1623
-728
-4604
-618
-3128
-1057
-4874
-4270
-4851
-144
-3021
-2910
-3796
-3177
-2297
-1313
-2149
-2920
-4889
-4421
-2753
-2995
485
-1870
-359
-2881
-3040
302
-1160
-3876
-1228
-3157
-3985
144
-580
-1060
-3449
-2868
-780
-4688
287
-4404
-4273
-4587
-821
-1465
-235
-3985
-1380
-2485
-3976
-225
-3146
-3222
-53
-1619
-4345
-1351
-1002
-4166
-1749
-1382
-240
-4670
-1628
-206
-2935
-3619
-1558
-2946
-4169
-3434
-1775
-3102
-2030
-4932
-647
-3413
-3910
217
-343
-1477
-509
-3430
400
131
-1736
-2148
-1511
-2041
-1798
-576
-4859
-4125
-2774
-3447
462
-831
46
358
-3469
-3871
-4220
30
-2537
-2550
-2025
491
-3370
-748
-4455
-3582
-2627
-4688
-3611
-611
-2944
-1979
-1580
-62
-4256
-2343
-1504
-4245
-2516
-862
-3876
-3045
-816
-4834
-738
-2963
-1077
-319
-592
-1437
-990
-4812
-4407
-2033
-3759
-843
-1402
-4757
-4887
-3630
-1650
-1793
-970
106
-485
-2213
-349
-1360
-3484
-2726
-922
-4539
-102
-259
-4779
-1248
-87
-4584
-2994
63
-999
481
-3279
-1834
-4867
-1303
-1470
-2701
-3855
-631
-2673
-454
-177
-589
-1696
-4922
-4957
-353
-2079
-1165
391
-1699
152
-4641
-3777
-4807
-2387
-2841
-2984
-3296
-2352
-3308
-727
-420
-2706
-3396
-4454
-4784
198
-3198
-3211
-88
297
-3053
-2448
-4525
-4992
-4477
-4854
-1301
-1397
384
-2917
-506
-1503
-4938
-203
470
-3490
-4148
-1259
-4250
-3168
395
-4443
-4031
-1833
-1826
-4990
-4031
-4655
211
-3297
-4807
256
-101
259
-128
-4950
-2805
-4758
-2800
-2673
-1752
-3476
-936
-4396
407
-2599
-714
-4187
-1585
-77
-2012
-2519
-4748
-641
-4210
-4365
-1812
-4782
-829
0
-1350
-3551
-249
-1275
-18
-2836
-1035
-630
-476
-2970
-2075
-3963
-4127
-2972
-4647
-1464
-1878
-4417
-874
-4063
-2351
-3970
-2923
-3044
-4535
-835
-4969
-2379
-4966
-2108
-2284
-270
-913
-47
-3621
-3246
-1246
-2639
-4854
-4145
-4256
-2837
-39
-1324
129
-4886
-4455
-3217
158
-3139
-3279
-4158
-471
-3234
348
-4532
-593
-4640
-934
-1707
-447
-188
-2359
-3786
-4765
-1639
-228
-458
-1815
-313
-3581
-1148
-2324
-3804
-571
-1347
-2123
-2701
-4212
-1920
-3961
-3974
-3931
-76
3
-2490
-1487
-896
-1919
-3970
-257
-2916
-801
-804
-2784
-2000
-125
-1563
-3980
-1855
342
-3376
-3133
-1925
-706
-977
-790
-3128
-1228
-965
-2105
-3532
335
-4566
-2936
-3138
-3534
-1357
-483
-4100
-4589
-2761
-3369
-3109
-404
-646
-3196
-2725
-946
-2151
-2145
-1654
-2837
-2038
37
-1421
-4847
-2736
-1263
-3813
-2667
81
-2562
-4567
-1761
138
-503
-1102
-3946
-440
484
-480
-2104
-4887
65
215
-2930
304
-1179
-3517
-3163
-4458
-1429
-759
-2366
-463
332
-4489
-71
-870
-4932
-3108
-4315
-1303
-3546
-4210
-1381
-4966
-4292
-1850
-2307
-4343
-3177
248
-410
-4106
-2984
-2720
-1171
469
-302
320
-4255
120
-2253
-305
-4441
122
-4252
-2170
-2819
-3623
-1080
-3408
-4670
-1008
-2563
-796
-1924
-3557
-1935
-3151
-3737
-72
-4110
-137
329
-3269
-1679
-4702
-1255
-4702
-2760
-2510
-4402
-3067
-1134
248
-4713
-564
-708
-4919
-4215
-3736
-112
-932
-1007
-2626
5
-939
-1160
-1361
-405
-112
-2707
-3394
-4061
-3371
-386
-4229
-3360
-775
-747
-2947
-1032
-2594
-4215
-4980
-2440
-1268
-1977
-850
-173
-1376
-875
-701
-1412
-1217
-36
127
-274
-1265
-2575
-3304
474
-3965
-1808
-1936
-3500
-1977
-4869
-111
-756
-1059
84
-131
-708
-2840
-509
-2741
-4020
306
-2746
-1725
455
-897
248
428
-4648
-3320
-987
-913
-1513
-2611
-574
-1430
-4859
-4920
-2125
-593
-2523
-2501
-2133
-1194
-389
-2944
-2501
55
-1009
-4481
-4535
-3201
-1346
97
-2375
-1222
-2852
-3436
-124
-2270
-2376
-2933
-3748
-343
-743
192
-1360
-2618
-1934
-2451
-895
263
-1235
-1888
-3104
-676
-4700
-1781
-1078
-944
-2569
-2605
-3681
-2035
-4566
-2475
-3633
129
-3191
-2654
-2131
-3994
-990
-557
-4198
-3299
-2745
-768
-1378
-3204
-126
224
179
-1420
-2020
-729
-4232
-4749
-4432
-3892
-4118
15
-2566
-3018
-169
-1276
-426
-1128
-1318
-172
-173
-3202
-708
-206
-4983
-2507
-1442
-3077
-464
-456
-2770
-3730
-2551
-937
-1037
-3072
-161
-892
-1163
-180
-1481
-3594
-813
-2928
-3054
-4093
-325
-3215
163
-3921
-1005
-1545
-4259
-2455
-3921
-2017
-888
-3226
-4548
-1166
-4589
-3308
-9
-2918
-2144
-3496
-644
-4469
-895
-3267
-3003
457
-4697
-4578
-2795
-3734
-2895
-1877
-1369
342
-2764
-1353
-2793
-3139
-4047
-1436
-2312
-1050
-3971
-6
-1041
-878
-1843
-1794
-1386
-4347
-4940
-437
-3926
-2613
-3866
-4183
-4512
-2564
-3413
-1959
-900
-2243
-4872
-542
-2883
-1593
-1821
-3820
-3432
-262
261
-334
-2889
110
-1476
-1236
-2039
-2088
-731
-62
-4812
-784
-893
-1793
-4077
-1943
-183
-1567
-2947
-4810
-303
-4814
-548
-2618
-1199
389
-4439
-3836
-2187
-2838
-3403
-1751
-781
-3255
-4834
-3204
-4750
-2323
-1593
-3415
-4803
-427
-1735
446
-477
-1210
-1036
-59
-4353
-3201
-1598
-2670
-4042
-3040
-1284
-1338
-4040
-3004
317
-4026
-1703
-147
377
-2293
-4251
-902
-17
-2959
-696
349
-1939
-4002
484
-4284
-4379
-2322
-2896
-2014
-3392
-4318
-4407
-3870
200
-343
-3261
-918
-285
-439
-2357
-4877
-4844
-1804
-371
-3897
-3916
-1795
-4048
-3272
-4418
-4870
-2653
-2428
-4849
-3481
-4453
415
-1369
-833
-1914
-4361
252
111
316
-1990
-4765
-3936
-4149
-1264
-3322
-4703
-3441
-1989
-4385
-3219
-1682
-2054
-3561
-1993
-904
-1035
-2637
-3938
-219
-952
64
-3415
-3334
-1296
-4881
-640
-2070
-1563
-3550
-3021
-407
330
-987
-4807
-1724
-1558
-1053
270
-240
-3848
-3694
-3597
-1984
-3489
-3836
-4498
-4414
-2222
-443
-1389
-4885
-4850
-1784
-595
-2151
-3597
-3330
451
-3481
-528
-4859
-1447
-1245
-852
-3732
-124
-4997
-787
-2250
-330
-3000
-2438
-4669
-4132
-1338
-4017
-781
-4732
-1385
-3573
-3855
-4716
399
-1467
-4669
-2948
-2220
-16
397
-1676
-942
-4491
-1033
-1803
-2171
-1188
-3844
-3491
-2071
-4747
-3742
-2674
-1355
-1105
-1622
-3141
-104
-1791
-1515
-2227
-932
267
-993
-2410
-2738
-2963
-1083
-3709
-2449
-3550
-1841
28
39
-1748
-351
-4032
-2531
-2983
-375
-1945
-547
-1290
-3648
-4409
-2949
73
-4092
-3748
-624
-3775
374
-915
62
-1601
-4669
-3786
-4103
-2843
-4495
-1199
-4328
-1996
-1749
-2205
-1527
-1063
-407
-1389
-3092
-1190
-22
-4090
-375
-690
-4037
-633
-1327
-3775
-1135
-1310
-2724
-3430
-2166
496
-2104
-731
-1202
-2194
-1043
-3866
-4727
-3710
-2110
-4831
-4766
-2220
333
-4745
-4962
-99
-3551
-1520
-4973
-913
-3910
-2591
-1195
-1385
-4625
-1765
-616
-2261
-4837
-1039
-2598
-4762
-976
-167
-1318
-346
-4127
-3260
-817
-178
-1530
-491
-1061
-533
-4725
-4029
-3535
-1916
-445
-4247
-3644
-4668
-3531
-4019
-3661
-3547
-2341
-2807
481
-318
-908
14
-3955
-2067
-1548
-2535
-938
-2663
-661
-1048
-4606
-4740
-3536
-4748
149
-3725
-3133
-1010
-1096
-2931
-3956
99
-2818
-2429
-122
-2665
-3869
-4586
-4928
104
-1661
-1659
-608
171
-1032
-2724
-1924
101
-375
-3098
-1545
-4992
-3818
235
-959
-1103
-2032
-1227
-2131
-3080
-4654
-4443
-1454
-3688
-2844
-2755
473
-2765
125
-2858
-4864
-1405
-4115
-1577
-166
-950
44
-3517
-3030
-255
-4841
-3979
-18
-311
-1795
-251
148
336
-3401
-3358
148
-1398
-3937
-2818
-1831
-2529
71
-414
-2731
-821
-4193
115
249
-1482
-3390
-1019
359
-2130
-2374
-2439
-767
-2729
-3461
-1478
-3369
-2779
-1175
-1232
-2212
-4322
-3173
-4758
-2054
-1124
-2111
-1785
-4400
-762
-2417
-4469
-4195
458
-62
35
-1125
-593
-583
-4654
-954
-948
-2340
-710
-1109
-3189
-1653
-1451
-870
-3548
383
-4498
-2521
-3750
-4135
-3891
-3130
-4472
-2943
-2541
-4108
-2180
-1445
-1493
-3518
-3131
-4155
-3214
-495
139
-2833
242
-4247
404
-341
-1281
-3249
-3529
-2401
-243
-2585
-2010
-4101
469
-2333
-633
-4322
-4556
73
-3702
-3281
-654
-2229
-2262
-4337
-2484
430
-203
-4843
-2736
-909
-1953
223
-3666
-2855
-1592
-4669
-544
-495
-2261
-1697
481
395
-4757
-2794
-3866
-20
-1477
-4213
-3668
-1160
-2855
437
-543
-4363
-4708
-1627
-3055
-2395
-4687
-1743
-2426
-32
-882
-3614
-4931
-2816
-3150
-1227
-2932
-4041
-4537
-182
-3894
-1544
-3649
-443
-3844
-1636
-3635
-272
-1626
-2383
-1828
-2144
-556
-1717
-52
-2019
-2280
-3458
-2872
-4912
-3368
-2984
-2172
-13
352
-3002
-1977
-682
17
-3200
24
-4299
-371
-2094
-3542
-1415
387
-2067
-4189
-4628
-1567
-3755
-1969
-3991
-4271
-3312
-3933
-4023
-3198
-360
-3180
-4509
-4171
-4106
-3265
-3245
-3406
-4126
-4899
-1788
-494
-3737
-4081
-1932
-4867
-2845
325
409
-3703
-4283
-1466
-4810
-2902
-2917
-1614
-4729
-1429
-345
-3842
-4723
-2097
-1154
-2272
488
-1190
2
-2312
-2649
-2585
-2878
-2093
-4991
-4966
-4703
-4002
-706
-2962
-3119
-115
-1105
-2822
-4571
396
-2683
-3661
-3475
268
-2984
-461
-3632
-176
-3291
-3436
-1534
-1314
-4413
-878
-1571
-3461
-3283
-92
-3901
-2301
-823
-3356
420
-2159
-2627
-314
-3119
-1664
-613
-962
-4571
-3843
-2187
-3781
-1323
-3403
-4418
-1692
-3009
-4069
-1699
-767
-3268
-3242
-3250
-3155
-794
-2904
-4937
297
-4482
-1243
-3219
-3342
-3257
-3910
-2341
-4153
-2193
-974
-2251
-3310
-733
-334
-3722
-3160
-3296
-936
-4075
-3375
-1665
-2611
-2020
-38
-2001
-1680
-3370
-902
150
-2720
-1022
-3675
-341
-2834
-3420
-3484
-801
350
-3138
-2169
310
-4691
-1305
-1837
-3828
-3297
-735
273
-4409
-1734
-3257
-1375
-1339
256
-4856
-3003
-1439
-1058
-3738
-2116
-4714
-145
-3357
-1906
-1170
143
-3087
-4603
-3545
-3834
-3883
-1337
-2682
-43
-4516
-2310
-2123
-1590
316
-3009
117
-4521
-48
-3159
-1470
-44
-1839
-1017
-981
-3940
-1077
288
-3125
-3558
-2555
-4869
-4947
-4552
-1639
-1621
-3866
-1794
-3549
-4910
-1378
-4562
-1659
-900
-3071
-1165
280
-87
69
-4798
-2379
-2643
-391
-4764
-53
-3766
-3515
-1895
-2941
-86
-4685
-3809
-2897
-4553
-2817
-3611
-285
449
-4345
-398
-2547
-2225
-2599
-1748
237
-4381
-4886
-3396
-746
-2880
-4150
-42
-1943
-4225
-1518
-356
-4349
-2825
-221
-79
-1942
-311
255
-1999
-3234
-1659
-3074
-1935
-2898
-2911
-1339
-2898
-1749
-2152
-1593
-69
-4959
325
369
-4370
-1162
318
-3044
-1500
-4371
-1924
434
-4731
-4590
-4626
95
-3314
-1197
-1866
-2645
-4437
-1259
-1174
-1700
-2620
348
-31
-1124
-3016
-3094
-3085
-1331
393
-2421
-2340
-742
-2391
-640
-2353
-2260
-4087
-4234
-440
-1183
-3972
-3978
-3924
-1625
-2433
-3692
-4589
-3535
-2342
487
-2655
389
-3353
-4949
-2810
-1489
-741
-3430
-2509
-4938
-2108
-2160
-2113
-4086
-1009
-1133
407
460
-1401
-1745
-3754
-4226
-1138
-2664
-313
-3011
-2503
-377
-649
-4442
337
58
327
-4917
-782
-4685
-3169
-3312
-2315
332
389
-568
-3126
-3768
-4494
-1975
-3742
-3578
-1636
-4548
-1669
-1823
-3060
-2467
-337
-4309
-1550
-4174
-4826
143
-41
-2799
-2418
-453
-1600
-1274
-2797
-3238
-2541
-4615
-360
-4667
-4044
-4033
-2645
-59
-2965
-1388
-3584
313
-3971
-4120
-504
-368
255
-170
-4150
-2761
-1372
-311
-2494
-2357
-954
-1231
-578
-4135
-2895
-2326
-1013
-2460
-2910
-1649
-4435
-1749
-735
-1550
-583
-530
-2348
212
-3156
-683
-3372
-1653
-4346
-1445
225
122
-4539
-103
281
-319
-1571
-2713
-4238
327
433
-3600
-300
-1479
-3619
-4212
-2240
-962
239
-2395
-330
-1315
-2009
-958
-2605
-93
-235
316
-3551
-3004
-3773
-2661
-2044
-2897
-3635
332
-3987
-1938
310
-902
-4941
-127
359
-3215
-750
-4188
465
-1590
-1097
-3544
-4551
-4743
-466
-4844
-3200
255
-3874
-3627
-3252
-2366
-1799
-4964
-81
-2159
-3485
-527
-3516
-4559
-1981
-581
-2196
-3809
-2883
-4357
-4477
-32
-585
-4399
-1255
-2694
-1450
-751
-767
317
-2845
-4409
-1188
-2819
-2840
-3976
246
-2058
305
-4190
-4289
-1164
-4442
400
-1668
-1048
-3639
475
75
168
-2778
-1732
24
-1460
-4782
-2450
-3538
-1290
438
-211
-1572
-411
-4151
-756
-1560
-1590
-3240
-4091
-4645
-2329
-2063
-4289
-2765
-3682
293
-428
-2093
-3853
-1262
-4785
266
-2188
-3150
-4878
-2901
-2743
-2261
-2574
-2403
-4682
-3897
-3995
-2527
-1393
-1826
-4143
-2748
-3585
-4888
-1132
-2572
379
-2819
-387
-3900
-2146
-3529
-969
-983
-4051
-3853
-2604
-3124
-4536
-3789
-1858
-2002
-2729
-4680
-4670
-768
-3849
-1779
-4950
-904
-4598
-1274
-1516
-2732
-47
-2324
-1877
108
-67
-2700
-4493
-2767
-1718
445
-2084
-3565
-2717
-3366
-3950
-2585
-204
-4138
-2199
-4458
-4372
-1652
-2972
-2072
-2942
-4442
-1178
-3727
-329
-3798
-4502
-4676
-111
-224
-1400
-4175
-2035
-3662
-758
-3767
-4224
-1732
-76
-848
-2237
-2790
-889
-268
438
-3708
-1097
-661
-4649
-1599
-4576
-3060
-373
-4986
-3391
-2333
-4676
-3648
-4983
-4370
-4298
-3363
-2389
-1212
-3466
-1172
-1179
-2089
-2100
-2947
-4959
-3379
-4597
-190
-1563
-1301
-1131
472
426
-4785
-4372
-4379
-4471
-559
-4591
-583
-56
-4851
-2193
-2897
-2266
-2461
-1220
-1540
-3672
-114
263
-109
-2025
-4889
-3519
-3104
-4955
-3595
-611
396
-2118
-1532
57
-859
-1998
-2177
-1140
-1260
-2279
-478
-3088
-4099
-3400
184
-3810
-268
-1779
-1329
-4044
420
-1669
-144
-462
-3053
-3467
-4569
226
-1608
-4168
-4774
229
-3200
-2638
-3486
-1409
-4883
-3101
-1919
-2033
-3085
-4526
-4910
-3434
-811
-2499
-4231
-4342
452
-4730
-1770
-3778
-771
-3814
-2859
-1184
363
-2508
-4682
-838
-4151
-3493
156
-2577
-1197
59
-642
-3244
-874
-2240
-1045
-2834
-3994
-3460
-4535
-4738
-4936
-449
-3589
-581
-4113
-1491
-3734
-790
-3009
-4028
169
-1495
-2717
-3358
-3654
-728
-1421
-2301
-4842
-3573
417
-2692
-3157
-2761
-4993
-590
-4471
-2536
-4132
-4987
-2765
-4428
-4785
469
-1209
-1273
-1669
-4423
-4275
-3075
-2437
-3775
-1384
0
-2908
-240
-3776
-2244
-4976
-4113
-3647
337
-774
-1409
-4126
-1057
-3895
-4258
-2185
-2259
-297
-3721
-1133
-4665
-1740
-1371
-585
-1128
-417
94
-985
-1564
-3041
-528
-3252
-2030
-4498
-1627
-4334
-3988
-2706
366
-1946
-3844
-2229
-1886
-3101
-3065
-275
-3252
-2501
-4526
21
-3780
-1780
-3291
-2282
-4826
-3327
-3062
-3803
232
-3845
-3240
-2051
-3390
-438
-4106
-1124
-1671
-235
-4865
-2416
-221
-2421
-3594
-829
-3794
-4049
-3336
7
-1799
-3910
-4610
-2813
-711
-4844
-1848
-4473
-340
-1892
-3478
-2337
-3640
-1691
439
-90
-1502
-4933
-3346
-3858
-3836
-950
-295
-2861
481
-2153
-2867
-4913
297
473
-703
-2747
-2380
-4770
-2305
-1688
-1469
-3113
-4810
-4803
-1002
447
-2300
-4466
-1729
86
-3787
-81
-3028
-2612
-1849
-517
-3759
-30
-1327
-4733
-383
-2012
-2656
-4454
-4971
-2048
373
-1453
-2017
-3173
-1516
-2483
-1994
283
-4621
-2602
281
-741
-1692
-3666
-2255
-829
-2591
-4158
-3199
-2140
-2447
-1624
-2497
-3824
-1091
286
-1661
-124
-4572
-1684
-4351
-3678
-1348
-4441
-1796
-4826
-3168
-274
-490
-1348
-1089
-2006
-1943
-1870
-2298
-199
-2394
-3062
-912
-4040
-2910
-4065
-2877
-4463
-1645
-4686
-79
-4993
-1131
-303
-3356
-4595
-4150
-1814
-976
-2024
-1644
71
-2072
-4085
-1317
-4563
-4273
-3034
-1552
-516
-472
-2418
244
-766
-1507
-1183
-1635
-3242
-3341
-721
-516
264
-1592
-718
-1768
-4398
-326
-4845
-1421
-918
-936
-4445
-2348
-2607
-2519
-4233
-515
469
-1375
182
-3050
-4523
-4393
-3069
-3816
-522
-3884
-4347
-4419
-2652
-3959
-68
-4190
322
-3982
-1932
-1831
-3988
-707
-1435
-4363
-3547
-3121
-4212
-4216
-4484
-1067
-1781
-3029
-3956
-1512
-4419
-1619
-3128
-3693
-45
425
-2592
-3936
-4955
-445
-4382
-3919
-4663
-2508
-4961
-1232
-434
-156
-622
-724
-4023
-2875
-1296
-1199
-3020
401
-1450
-4740
-404
-4658
-1751
-156
-3954
-416
-3067
108
-1066
-2670
-1646
-3786
416
-2366
-4478
-2428
-929
-139
-4115
-75
-4645
-1824
-2509
-186
-1668
-4166
-2897
-452
-3624
-1045
-3335
-2505
-636
-4193
-4758
64
-1618
280
-3392
-2680
-3703
-1973
-2050
-4771
415
-2584
-1253
-443
-1320
-1664
-686
-4650
-4235
-3953
-1801
-740
-2883
-4860
62
-865
278
-4113
-1529
454
-226
-2302
-1753
-736
-3950
-2983
-1791
-4066
-1327
-632
-2608
-352
-4826
-647
445
-1480
-2191
-4083
-4029
-987
-1264
-2072
-4655
-37
-73
-2517
-2761
-397
-4340
-4171
-3826
-3516
-3686
452
-827
-3267
-1606
-3985
-1118
-3222
141
-2867
-201
-470
13
-1454
-19
-4254
-3720
-4893
-1961
-3976
-637
-4040
422
-4869
-3502
-4860
-1745
-3104
-4749
-3021
-4506
-2184
-7
-3981
-2206
-2602
-1063
-1397
-1829
-4355
-548
-4943
-3848
-812
-2873
-3777
-886
-2700
-639
-726
-993
-2396
379
-4561
-1538
-3405
-1098
-3677
-4227
-2616
197
-588
-2726
-2436
-3292
-1435
-1548
-1379
-1011
-3210
-4521
-862
-3963
-2662
-3007
-2919
-2014
-3196
-4472
-2385
-831
-1977
-4565
-4745
-4158
-1595
-508
-1892
-2648
-3106
-381
-1743
-3510
-2506
-2845
-696
-1935
-3083
-1216
-1873
-3376
-1800
-1922
-3904
-4344
-2537
440
-3744
210
-4802
-3995
-602
-286
-3701
-1326
423
-4549
-510
383
-2706
-2282
-2321
-2941
-3584
-4451
-2015
-1864
47
-680
-896
-3917
-3042
-2204
-949
385
-2346
-673
-1756
-2612
-1994
-3007
-4801
-2288
-1645
-3315
-1520
-978
-4721
-934
-1799
-4380
-2972
-1922
-2948
-795
-2083
-470
-4134
-4104
-3907
-2598
-246
-982
-2376
-2391
-4748
-1091
-543
-1940
-1534
-4399
-3044
-477
-816
-2002
82
-3916
481
-2823
-3732
18
-4462
-1521
-140
-1614
-2361
-4750
388
-4709
-1282
-259
-2101
-176
-4236
-1413
-145
-3023
-4768
-3907
-3395
183
-4204
-2791
-3504
-3802
-1292
-37
-1809
-2965
-3049
-1213
-4644
-4921
-1004
-3139
187
-1845
-1701
-4590
-2050
-1193
-3971
-278
-4290
-2387
-4051
-1375
-4383
-1545
-173
-479
-533
-3756
-2496
-3011
-4910
-3041
-1426
-2851
-157
-4214
-2631
-4445
-168
-724
-1105
437
-3430
-4285
23
-905
-224
-4313
-834
-1687
-2418
-1211
-4130
-2267
-1794
-1526
-904
-1158
-4428
-1928
-4207
-1206
-2589
-1501
-4049
-3044
-1377
-1657
-4151
-2105
-1225
-4917
-4098
46
-3048
-733
-535
-1785
60
-890
-1059
-595
-769
-4091
-3281
-1417
-988
-4372
-1849
-4386
-4060
-4712
-777
-753
-3793
-2206
-3988
-3920
-195
-1170
-2368
-4426
-3018
-239
-3597
-2317
-4481
-4529
-2739
-1008
227
-3623
-3010
-4515
-1717
-2737
-4099
-3341
-1783
169
-2817
-2856
-3512
-608
-3777
-214
-2274
-2708
-1876
296
-4139
-2224
-1512
292
-2521
210
-540
-188
-2785
-4637
-135
-2077
-4098
-4242
-110
-755
-1405
-4479
-954
-1627
381
-1720
-2441
-118
-2762
-4277
-4987
-3265
-2575
-2829
-3195
-555
-4855
-4013
-1062
-907
-3813
-2609
-3559
-2312
-4625
465
-2739
-1800
-147
-2747
-63
-1850
314
-1053
-646
-3238
-1559
-2356
-2516
418
-4559
-1913
-693
-4958
-4695
-1259
-4607
-5000
-420
-3134
-3417
-2641
-2840
-4364
-632
-4805
-4180
-4476
-657
-2701
-3838
-1541
-2557
-217
-4638
212
364
-2748
-1605
-4882
-4161
-4865
280
-4855
-3702
-343
-708
190
-3426
-3717
-3852
-3037
-1103
-1466
-479
-1742
-1905
-3737
-3197
-306
-961
341
-481
-1255
-3233
-3175
-165
-1326
70
-1746
-365
-943
-1795
-2130
-3116
-619
-3091
-1141
-1849
-3351
-1417
-4479
-1486
-2680
-3087
-3481
-3737
226
-725
-99
-157
39
-435
274
-1370
-4149
-3745
-2755
-45
-2137
-4664
-3445
-2117
-304
-61
-1407
-1758
-231
-4161
-2650
-4336
-947
-4266
-228
-2160
-2679
-3077
-3860
-1952
134
-1696
177
-170
308
-3217
-524
-1835
-623
-3056
-403
-2654
245
-1797
149
-1401
477
-147
-2777
-4662
-10
-2848
224
-3969
-2281
306
-1555
-2241
-562
-3607
-2381
-3932
-4396
-2246
-3807
-2493
-2174
-397
-1720
142
-824
-487
-2346
-4372
-4039
-397
-1605
-2555
-1716
-2010
-4522
-4296
-1170
-1539
-3917
-4520
-564
236
-2913
-4282
-2873
-2522
-3664
-4065
-561
-1710
-511
-910
345
-2061
-4834
-3752
-1178
-1390
-3111
-2722
-4554
-2008
-3082
-3418
-1614
135
-1275
-1699
-2972
-19
-85
-2484
-501
-1295
-1088
-626
-642
-1021
-754
-4989
-3029
85
-658
-3365
-587
-312
-972
-3445
-271
-3911
-1884
-3721
-4071
-2737
-1627
-2330
247
-2645
-2642
-2274
-1458
-3217
-2141
-3984
-1642
-1392
-923
-3681
-881
429
-1665
-2538
-2688
-3
-2717
-2270
215
-3840
-4325
-1656
-2968
-1678
-745
-317
-636
-3895
-1863
-3212
-561
-964
-523
-543
-755
-2396
-2948
-2504
-1807
-2774
34
-4888
-2336
474
-2835
-1214
-2250
-3656
-902
-1143
-4006
-1781
-99
-2857
-413
-3924
-4140
-4860
-674
43
-3574
-1189
-4192
-3677
-3197
-3309
-4465
-2071
-3700
-4010
-1703
-2848
374
-2234
-2787
68
-370
-1681
-3094
-3416
-570
-4385
-4645
-1580
-3757
112
-3856
-1823
-4938
-3415
-1553
-3435
-1044
-1153
-170
-1260
-2765
-1018
-3558
-2642
-2851
-4132
-3543
109
-2298
-910
-234
-4514
-1997
-3726
-1065
-1086
-2181
-1220
-4814
-1667
-3699
-17
-4347
-1448
-1933
147
-1511
-4840
-2187
-4437
-1123
-288
369
-1263
-1769
-2090
-4641
-423
-3153
-4001
-159
-4775
-1613
-465
-654
-4596
-3102
-2656
-726
-1062
-4766
-4561
-129
-1346
-34
-3302
-1992
-3100
-4690
-3434
-2216
-373
-50
-4259
-1363
-1090
-1757
-1144
-1671
95
-3679
-636
-3351
-2052
-1926
-4943
-1697
-1491
-2664
-1434
-3238
-3836
-1582
-1175
-2358
-2452
-1578
-2214
-1834
-4151
-2302
-2754
-1378
-3743
-1052
-1628
-1283
-3811
146
-4835
-1132
-3061
-786
-2982
-4226
-3465
288
-3498
207
-4747
-1554
-4695
-1325
-903
-1976
-960
454
-3520
-1352
-3634
-4987
-4520
-1430
-2468
-1446
-1382
-1562
-3998
-4339
252
-2165
-4001
-1616
-3406
-2998
-3157
-3652
-2073
-3347
-2291
-1874
-3
-834
-1716
-2230
-2632
-3147
-3673
129
-3122
-3373
-4167
-3081
-4089
-726
-1213
149
-154
-4788
-4743
-4568
-3134
-2532
-1711
-4633
-3158
-4774
-3337
-1179
476
226
-4711
49
-2258
-240
-1726
-4186
-3792
-2480
-3944
281
345
-1172
-1844
-213
-27
-557
-1827
452
-178
-1363
-1914
-1062
-3660
-1888
-4221
35
-2218
-4369
-1076
-499
-2708
337
-3367
-1613
-2267
-4193
-4131
-1877
-3424
-4133
-2895
-4295
-2481
-1277
-2186
-1376
-1969
-217
-4472
-1565
-424
-1951
-2123
-3891
-2910
-4848
239
-4420
-3404
-2109
-393
-4286
-2256
-3572
-117
-1535
-3086
-4786
-2160
-1084
-91
-790
-3293
127
-3376
-442
90
-4406
-360
-1100
-2300
-1027
-3140
-4563
-484
-3655
-80
-3856
-4452
-407
-1394
-1252
-1486
-2656
-1227
-118
-627
-4311
-3507
-243
-589
-566
-84
-2453
-4265
-415
-1745
-1148
-3665
-3274
-4678
-2822
-3498
-3652
-479
-2893
-2606
-1384
-1909
-393
-1291
-218
-3111
-1783
206
-3927
-4159
-2624
-3725
-3538
-2221
-3607
-4576
-847
-4603
-2038
-1286
-2783
-2230
-1288
-2958
-1699
-3704
-555
-1244
147
-745
-2854
-3247
-2187
-580
-1192
-3174
-2374
-4071
-77
-2479
-2803
-964
-2396
436
356
-4015
-4591
-3786
-496
-2697
-4627
-3500
-2550
-4371
-1157
-1031
-73
-4294
-4248
-3358
-3348
400
-2199
-2877
-4711
-3243
-3976
-2582
-3044
-4624
403
-2119
345
-3541
-585
-4961
-2593
-2485
-3772
148
-4820
410
-708
-2598
-3744
-154
-4718
-4568
-1638
-3736
-1890
411
-3854
-3458
-196
-1073
-4415
-2077
-4374
-1844
-2594
-822
256
-4555
-1952
-2987
313
-2798
-1712
-652
-3836
-191
-3049
-1425
-3685
-4543
-1860
-869
-304
388
-3457
-2560
-4557
-3940
-2547
-3218
-3736
-4899
-729
-3398
-1625
-3372
-3343
-3864
-482
-2445
-884
-2972
-3678
346
-341
-4575
-4715
-1532
-16
-2136
-1099
-155
428
-3312
-115
-2679
-352
-3155
-102
-555
-1355
-3409
-361
-1243
-1486
-2026
-3523
-1810
-2578
-4170
-4290
-317
-1236
-1746
-1313
-960
-1545
223
-1517
-2774
-145
-2633
-2957
-2544
-4282
-3705
-1038
-152
-3728
-3198
-4958
-552
-3744
-3118
-3559
-2996
-379
-2424
-3325
-4011
-3770
-225
-1188
-1652
-3728
-211
-1504
-2918
-3145
228
-1367
-4420
-3470
-3151
-2430
190
-4324
-330
-4282
-4263
-2578
-4242
-2255
-4076
-4162
-3761
-88
-922
-4955
133
-1899
-241
-2965
-4784
-4171
-1647
-1152
-1207
-1200
-3577
-1391
-2983
-4449
-4028
-3555
-2520
-190
-3399
-1949
-4740
-3342
-2896
146
-1404
-863
-3036
134
-2596
-3407
-3892
-3904
-1051
-638
-1879
-1630
-35
-3626
-1356
-4034
-834
-2252
-3712
-494
152
127
-236
-4361
-4064
-1513
-2519
-391
-2123
-3584
-3953
-403
-4868
-220
-1905
-3105
90
-4252
-3945
171
-4000
-2792
-3192
-836
-2233
-3686
-1577
-3272
-4478
-4910
-4958
-800
186
-2540
12
-941
-3794
-428
-2516
-2207
-4552
-3347
-3890
-3901
-3891
-4369
-1121
-1398
-3409
-372
-4737
-4353
422
-735
-231
-2406
-4836
-123
-4338
183
-2400
-1866
-1674
-4600
-3572
-592
-774
-3558
391
-3729
-1148
-4638
-1037
-3508
-1742
-2019
-1350
195
-4303
-848
-3244
-2863
-3412
65
-4072
-1085
-4242
-4705
-2023
-4123
-1660
-2387
-3758
-4477
-1012
-4364
-4732
-2547
390
-1094
-323
105
-3019
-1887
-2595
-2430
-797
-3276
-4974
-4648
-3522
-2353
-3557
-4320
-1311
-3380
-4227
-3832
-1273
-2975
-4672
60
-3847
257
-1211
-804
155
-4072
-2481
-2802
-1201
-3643
19
-2288
-45
-4017
-3883
-1085
114
-2916
-3295
-1611
-647
-3230
-2468
-2385
-2051
-287
-60
-4983
-3422
-1567
-2165
-2883
-205
-2472
-3467
-4834
-4232
-3688
-764
-49
-3097
-519
33
-976
-2404
-600
-2630
-3918
-2630
-604
-774
-4806
172
-188
-4828
-940
-2211
-10
-2647
-3144
-596
-3321
-1682
-1789
-4598
-198
4
-1439
-3656
-2283
126
-1983
-4947
-2339
-3975
-3491
-4147
-1925
-2973
-2598
-3638
-3263
-60
-528
-3157
248
-1832
-3105
-3797
-2599
-3698
-4117
-4672
-174
-2149
-2699
-4838
-3254
-4303
-2894
-110
-2197
-1740
-3578
-649
-3657
-854
-1722
-344
-4484
-4637
-2719
187
96
-4620
-191
-1874
-4491
-2516
-2741
-1796
-3461
471
-4034
-3962
-4112
-431
-4608
-2384
-1891
-3676
-169
-4151
-2751
-51
-397
-2574
-2412
-3201
-2964
-1831
-455
-4508
-3347
-3235
484
-1135
-420
-2338
-4245
-4865
-3742
-1333
152
-4703
-1170
422
-3035
-873
-1227
-4773
-1368
-4367
-3632
-1086
-4075
-4691
-4860
-2624
-2840
-938
-95
-1750
-1270
-1420
-326
289
-1673
-3817
-2604
-4697
-4694
-1866
-3619
-757
-2226
-163
-4302
-2433
-1357
-2259
-3833
-2364
-4924
-3519
-310
-2794
-1424
-101
-3058
-1726
-3890
67
-4675
-199
-2048
-3661
-4423
68
-4416
-2708
-3402
-1502
-3887
-2034
-2794
-4601
-2083
-2824
-2585
-4612
-2314
-3855
-962
-1366
-4619
34
-210
-1350
-4224
-1685
-1255
-47
-787
-536
-2260
-3935
-1178
-3287
-597
-1649
-2580
-983
-4843
-1099
-3293
-177
-167
-643
-3460
-524
-911
-4113
-820
-3860
-3469
-4168
-2629
-4521
-3166
-3925
-2551
-2645
-4761
-195
-2687
-502
480
-3426
-4907
-1615
-2076
-4703
78
-3803
-4705
-2775
-1924
-4126
-2368
-42
-2130
-2298
-992
495
52
-4351
-4254
-1317
-4194
-4994
-3835
206
-2201
-4306
-908
-3801
-4775
-2193
-1827
-1944
-4867
-2814
-2845
-2718
-4478
-3187
-2860
-3177
-4180
-4771
-4195
-1893
-2050
-414
-1869
-2689
-4579
-2197
-3873
-1697
-1598
-2431
-2840
-3648
-2608
270
-2598
-4359
-2956
-59
-484
-3623
399
117
186
-4257
-4195
-467
492
-2204
-2518
-2993
-1028
-872
160
-3663
-702
-2322
-3515
60
-3064
332
-4647
-3835
-4110
-1406
-3190
-153
-3419
-4176
-3464
15
-4195
-3613
-4717
-1118
-2376
-4715
-2810
-843
-2509
-4069
-250
-3667
-3315
-4376
497
-658
424
-3640
-2453
417
-315
-4011
-1296
135
-4013
-2304
-2521
-802
-1461
-2664
-779
-661
-4040
-2309
-4338
-3619
-2833
-1163
2
-1472
-1007
-1135
-969
-3566
-4437
-4905
-419
-4381
-750
-799
-2304
-3151
-2153
433
-4590
-2288
-4859
-3969
-645
-4070
-3440
-729
-999
-3884
-4893
-1578
-2809
-3930
-634
-3097
-3984
-4643
-3798
-1413
-4766
-263
-2614
95
-627
-71
-419
-2015
214
-2982
-673
-2859
-3912
-665
-4948
-1474
-3277
-3063
-3202
-4509
-3526
-4077
58
-3378
-671
-2004
-4182
-801
-3787
-1312
-845
-2931
-4214
-1580
-2352
-1273
-3960
-2532
141
-4913
-1240
-4471
-569
-3423
-4396
-216
-3231
-4284
-4440
-1265
-3928
-4340
-4924
-3442
-2154
-3991
-2626
-1321
-2553
97
-4463
-2147
-4246
-1683
-4974
120
499
-1193
-2935
-4194
130
-2589
-3234
-3101
-368
-4744
-905
-993
-1500
-1155
-4229
-2943
-1415
167
-497
-3793
-4212
-4600
-2519
-1053
-2626
-4981
-3859
418
-160
35
-2707
-3500
-225
-4812
-3314
-3557
-3079
-3668
-3675
-4603
-1909
-4024
-4794
-4398
-1049
-1315
-1018
-2383
-4251
-1191
-3616
-1455
386
-3236
-382
-520
-3681
-2428
-1710
-3811
-845
-2431
-649
-3434
-1139
-1923
-4659
-1300
-4889
-1080
-2562
-47
-2669
-2442
-775
-4457
473
-2141
-1494
-4994
-2302
-3569
-4189
-4289
-3536
-2809
-2363
-2736
-3585
-2336
-3623
-250
235
-4440
-1257
-3283
-3528
-4406
-4497
-2671
-1085
-3569
-3267
-469
-1740
430
-1725
-4259
-3937
-1194
-851
-2641
-4515
-3607
224
-4763
243
-4131
-3436
-4206
-1707
-3727
-4308
-2511
-350
-821
-714
-2472
-4716
274
-634
-839
-461
426
-72
-302
-4170
-708
-4342
-2070
-3661
449
-1189
-2855
-4374
-369
-3659
-3649
-3632
-1037
-702
-3797
-782
-3809
-3002
-3278
-1764
-2193
-1605
-1002
-4655
-2947
-212
-1758
-141
-4577
-1081
-4959
-2831
-21
-2163
283
-362
-171
-2314
-2738
-1431
-3125
-2198
-3592
-1080
496
-1705
-3205
-3291
-3711
-1886
-3453
-4549
-3679
-4608
-642
-2493
-4362
-4846
-4466
428
-3370
-2573
-1965
-2086
-1548
-3450
393
167
-1729
-3738
194
-2604
-1428
-4978
59
-4352
-1769
-1807
-174
-3373
-3091
-926
-2926
-428
-1022
-4862
-3215
-269
-4393
-314
-4028
-3119
-3303
-2094
-4693
-4533
498
-4882
-3707
-4717
-2087
-1311
-2833
-3372
-2638
-2038
-4138
-801
327
-3529
-2115
467
-3677
-945
-3
-3592
-2632
-4381
-915
468
-2870
-1281
-3228
-1257
-4263
-1711
-1334
-1551
-2772
-3637
-2345
-1702
-1154
-54
-325
476
-466
-329
-2434
-3258
-4847
-2909
-1656
-4513
-430
-1439
-1414
-688
-4544
-106
-2888
-1231
-1691
-1281
-449
-3289
-4984
-1061
-4889
-2306
-3486
-4561
-338
-598
-3552
-1594
-4195
261
-2964
-4737
-3943
-2338
-2301
-4651
-4792
-3145
-1876
-123
-1919
-4667
-4156
-1753
-4148
-4782
-4778
-4898
-3166
-3623
-448
-2272
-2138
-916
-4619
-546
-2987
-1910
-829
-1446
-3576
-854
-2971
-3542
-2852
-796
-1072
-346
-2278
-3529
-1249
-3820
-4316
-2836
-4179
-2372
458
-2109
-4828
-1628
-4416
494
-2816
-3211
-1552
-4583
-744
-804
-1546
-2124
-3565
-3151
-984
-3699
-1661
-1602
-3660
422
-2399
-2552
-3078
-4648
-612
-4759
-2377
-2914
-246
-3806
-3114
-1643
-1469
-2059
-3023
-4219
-1252
-2171
309
-4658
-4600
-624
-4560
-2860
-1361
50
-456
-3750
-21
-4737
-2568
-291
-1223
-1941
-4270
-2590
-2475
-355
-2531
-3246
-2225
-2070
391
-131
-4300
-4760
473
-3090
-2799
-1747
-2341
-2402
-4545
-4800
-2946
-4709
-549
104
-3427
-692
-4627
-3119
-508
-4607
-3056
-3387
-328
-2929
307
-2391
-1716
-2737
-1013
-2633
-200
-506
449
-3731
-2499
-4239
-3617
-2098
-3516
-1344
-3418
-1118
-889
-3956
-3624
-741
-3200
-4786
-770
-10
-1433
-4441
168
-3502
-157
-2228
-3952
-3569
-1630
-1836
-38
-2755
-2214
360
-93
16
-3713
-490
-1318
-161
-2851
-678
313
-3488
-2693
-596
-2429
-127
149
-1608
-1787
-4421
-693
-2350
472
-181
-4024
-833
-2139
-382
-4072
-3112
-3964
-380
-1716
-616
47
-1617
-3794
-3885
-2860
-4377
-2654
-460
-4088
-451
-1624
-2661
-7
494
-1649
-218
-2327
-2952
-306
257
-196
-2632
-3173
-1945
-4852
-2126
-1538
-3721
-1615
-3372
-3916
-3570
-1951
-4843
-2047
-803
-2515
-3588
-2531
-603
-1242
-1557
-691
-786
-675
-3284
-1137
-2019
102
225
-2956
82
-2856
-864
-2866
-2791
-1472
-702
-2459
-1917
-369
-2530
-6
-3148
-1206
154
-3106
-128
-1384
-609
-2760
-3330
-227
-2606
-385
473
-4431
-1628
-362
-364
-3639
-3798
-3712
-3093
-2848
-138
-1160
-3793
-1271
-2617
-534
-2616
-2168
-3959
-878
-4408
-1122
-457
-3406
-1745
-318
-2414
-56
-3361
-2997
-4703
-2370
-2762
-3465
334
-1293
-1774
-2937
-4298
-377
-1770
-865
-1231
-3896
-557
-2051
-4947
-614
-3845
-2457
-4155
-2343
226
-4518
-2093
-3531
-2383
-3939
-505
-4620
-2033
-2336
-2707
-2446
-2637
-2875
-411
-1187
-1055
-3053
-4347
-1433
-2020
-1432
-1544
-210
-1705
-170
-4454
-577
133
-4537
-621
-1838
-4165
-795
-1907
172
-4251
-3236
-4035
-1562
-2496
-4295
-2098
-242
-21
-3543
-4879
-2160
-1122
-235
-3238
-1895
-3526
370
-3493
-3866
-4670
-4514
-2704
-1283
-1477
-1074
-1904
-4447
-1792
-74
-3329
-1539
-3826
-1237
-4314
-1890
-3336
-1886
-1351
-288
-2657
-4922
-191
-2018
-4739
-3252
-1925
182
-1126
294
-487
-4858
-4810
-883
-2083
-3101
-4906
-2790
81
-2462
-116
-101
-4071
-3817
-2524
148
-1600
-2355
-2032
-3424
-1605
-983
-3729
-27
-2622
-3667
-893
-4673
-4399
-1007
-4574
-3589
244
-3907
138
-1008
-2344
-2943
-4848
-534
-236
-2636
-1428
-116
-1306
183
-2069
115
-279
-1260
-3125
-2412
-1439
-3258
-4446
-2955
-4645
223
-4757
-3102
-3458
-4596
-365
-1156
-572
286
-2944
-3001
-1104
-180
-2213
-1501
308
-1847
138
-2408
-1125
-388
-2061
-2682
-2958
-2828
-1065
255
-2919
-2677
-4451
-3064
-2601
-256
-3113
-4987
-4326
-4781
-2105
-1713
-3992
-4466
-1640
-4405
-962
-782
-2025
-720
-2843
-4786
-3668
-3396
262
-2203
-3638
-2805
-702
-1989
-1432
-1150
-3584
-4633
-2420
-4617
-4134
-2603
-4756
-3986
-1401
-3963
-3574
-2038
-714
353
-2245
-263
-4269
-4152
317
-2967
-3523
-3834
-4583
-910
-1465
-2179
-962
-3533
-4562
-4369
-4282
-4595
-3124
-1641
-1426
-3508
-2071
-4915
-2390
304
-2127
-3000
-1483
230
-279
-3425
236
-227
-4267
-3344
-137
-3022
-4349
-301
-4257
-1406
-4388
-1881
-1333
-957
-4919
-402
-1425
-366
-3300
-3467
-4590
-4050
-4176
-4249
-1617
-3542
-1009
-3924
-4007
-3512
-3344
-383
-4188
474
-2238
-3022
-3793
-3309
-2100
-1865
-3521
74
-4631
-2405
-4694
-3505
-4528
490
-3664
-556
-1196
-2634
-4599
-1454
-446
-2644
363
-936
-1916
-1792
-1245
-4932
-1433
-27
-4804
-3812
-963
-1716
-786
-4776
-1095
-1183
357
108
-4467
-4564
-982
13
-3664
-3587
-1897
-2985
-3944
-2769
-2586
-4391
-138
-2623
-4083
-357
-2068
-3760
-3647
-4494
-1022
-4580
-3531
271
-1038
123
-1273
-3223
-926
-168
416
-184
-442
-4549
-2672
-3924
-715
-551
-4819
-4421
-666
-2135
-2407
-381
-4336
-374
-4409
-4986
-3519
367
-4819
-1992
-1988
412
-1419
-163
-505
-262
-1666
-2243
-4537
-4569
-1185
-1880
-89
-4562
-1998
-3532
-843
-163
-4005
-2835
-455
-4342
269
-2830
-4288
-3670
-1425
176
-3146
-1308
-4615
-2211
187
-3049
-2235
-4579
-3934
-4837
-2730
-756
-2601
-372
-1264
-3713
-3247
-2710
-396
-4853
-1776
-1414
-2340
-1803
-4396
-317
-4850
-4196
-2455
297
-1943
-1629
-511
-2402
-2200
-4977
-4613
-2441
51
-934
-1339
-2292
367
186
-1056
-1222
-3654
-3946
-2644
-1780
-2671
-3839
-727
-813
-1468
-477
-2605
-4618
-4542
-1299
-3231
-4551
-4901
-2001
287
-3800
0
-4978
-4692
415
-4029
-2653
-61
-209
-1138
-1550
-2589
-1298
-3588
-4203
-419
-2214
-4138
-2542
-279
-4148
-3869
-217
-326
-3370
280
-3406
-4643
-1252
-796
-3041
-4257
473
-4691
-976
-2798
-1356
-3249
-956
-918
-1591
-2201
-1374
-4508
-4167
-4401
-2834
-301
-4656
-4578
-2824
-3597
-4033
-539
-4646
-315
-3574
-3912
403
-2337
-1346
138
-2473
-22
-3421
64
-1356
-920
-185
-72
-2077
-2564
-1150
-2567
-2811
-1930
-4173
-1836
-1923
162
-346
164
-2483
-1447
-2562
254
-4539
-1554
274
-2714
-4038
-1118
-3951
-4006
-2701
433
-2306
-62
-1429
-1318
-746
